#    time[fs]          Re(autocorrel)      Im(autocorrel)      Abs(autocorrel)
     0.00000000        0.03000000000000    0.00000000000000    0.03000000000000
     0.00100000        0.02999163645892   -0.00069715874855    0.02999973812894
     0.00740080        0.02954320596784   -0.00513212453589    0.02998565859057
     0.01395488        0.02838780796102   -0.00954340706798    0.02994902768533
     0.02064683        0.02651361538086   -0.01379672543773    0.02988848328986
     0.02746091        0.02393838486033   -0.01775291300493    0.02980288895195
     0.03438291        0.02071002097501   -0.02127603316694    0.02969132122533
     0.04139997        0.01690562580312   -0.02424011378098    0.02955305906180
     0.04850039        0.01262895960475   -0.02653561435875    0.02938757305554
     0.05567357        0.00800640818898   -0.02807520403008    0.02919451409802
     0.06290991        0.00318166923600   -0.02879847827840    0.02897370135621
     0.07020076       -0.00169053670802   -0.02867532063684    0.02872510971236
     0.07753834       -0.00645136108609   -0.02770771374240    0.02844885693123
     0.08491574       -0.01094492731371   -0.02592991198617    0.02814519087719
     0.09232677       -0.01502523569106   -0.02340699530081    0.02781447710427
     0.09976599       -0.01856250161856   -0.02023192174390    0.02745718710630
     0.10722863       -0.02144860644156   -0.01652127911428    0.02707388745372
     0.11471050       -0.02360140702587   -0.01240999903341    0.02666522997482
     0.12220796       -0.02496772626414   -0.00804533917598    0.02623194307057
     0.12971787       -0.02552492629024   -0.00358046087498    0.02577482419338
     0.13723751       -0.02528104435666    0.00083206836625    0.02529473347417
     0.14476455       -0.02427354425425    0.00504653261779    0.02479258845150
     0.15229700       -0.02256680091091    0.00892979975689    0.02426935984016
     0.15983317       -0.02024849028136    0.01236628307286    0.02372606827337
     0.16737160       -0.01742509939130    0.01526193650445    0.02316378195940
     0.17491109       -0.01421680155266    0.01754714305886    0.02258361520917
     0.18245060       -0.01075195895715    0.01917841438976    0.02198672781297
     0.18998927       -0.00716151919571    0.02013887841100    0.02137432527224
     0.19752638       -0.00357356430226    0.02043758866662    0.02074765992415
     0.20506132       -0.00010825167480    0.02010774164578    0.02010803303455
     0.21259359        0.00312664293160    0.01920393427208    0.01945679797778
     0.22012278        0.00603940748884    0.01779863169957    0.01879536467305
     0.22764856        0.00855717153428    0.01597804399804    0.01812520550699
     0.23517065        0.01062769796133    0.01383762844092    0.01744786304469
     0.24268882        0.01222015618308    0.01147744152503    0.01676495991941
     0.25020291        0.01332489272876    0.00899756164186    0.01607821139717
     0.25771279        0.01395226120160    0.00649379003880    0.01538944124085
     0.26521834        0.01413061463599    0.00405381534474    0.01470060164892
     0.27271949        0.01390359793175    0.00175399685196    0.01401379821478
     0.28021621        0.01332690485398   -0.00034311438430    0.01333132103235
     0.28770845        0.01246468210907   -0.00219043785266    0.01265568323191
     0.29519621        0.01138577171698   -0.00375717294133    0.01198966830660
     0.30267948        0.01015998221691   -0.00502876148173    0.01133638746198
     0.31015828        0.00885456952738   -0.00600605019740    0.01069934766651
     0.31763264        0.00753109029570   -0.00670373659583    0.01008252971175
     0.32510259        0.00624276544501   -0.00714821328930    0.00949047278225
     0.33256816        0.00503246078197   -0.00737495049921    0.00892835686943
     0.34002941        0.00393135661709   -0.00742557362503    0.00840206572882
     0.34748638        0.00295834116149   -0.00734480167345    0.00791820017745
     0.35493912        0.00212012484696   -0.00717741287469    0.00748399525257
     0.36238769        0.00141203648208   -0.00696539619003    0.00710708035066
     0.36983215        0.00081942900503   -0.00674543224700    0.00679502171395
     0.37727256        0.00031959402734   -0.00654682547134    0.00655462158286
     0.38470899       -0.00011593836912   -0.00638998205394    0.00639103374699
     0.39214148       -0.00051885407910   -0.00628549735155    0.00630687612942
     0.39957011       -0.00092141175571   -0.00623388297623    0.00630161063419
     0.40699494       -0.00135385101763   -0.00622592985465    0.00637142959884
     0.41441603       -0.00184199471653   -0.00624367059604    0.00650971328459
     0.42183344       -0.00240517447741   -0.00626187417249    0.00670790074605
     0.42924724       -0.00305458914756   -0.00624997960044    0.00695649048489
     0.43665750       -0.00379218405140   -0.00617435376515    0.00724591638766
     0.44406435       -0.00461010322684   -0.00600074273248    0.00756716361020
     0.45146783       -0.00549073022836   -0.00569678327254    0.00791210832174
     0.45886801       -0.00640733771155   -0.00523443326334    0.00827364902194
     0.46626494       -0.00732529087425   -0.00459218788681    0.00864569696324
     0.47365867       -0.00820374466870   -0.00375696067691    0.00902309149445
     0.48104925       -0.00899774509629   -0.00272552647532    0.00940148453094
     0.48843672       -0.00966062468927   -0.00150544630630    0.00977722036000
     0.49582114       -0.01014656772739   -0.00011542084596    0.01014722418291
     0.50320256       -0.01041321244412    0.00141495180428    0.01050890489132
     0.51058101       -0.01042415576443    0.00304600835250    0.01086007321727
     0.51795654       -0.01015123098484    0.00472940740010    0.01119887426770
     0.52532919       -0.00957643994629    0.00641000865607    0.01152373259911
     0.53269903       -0.00869343335832    0.00802816431643    0.01183330916723
     0.54006611       -0.00750847117776    0.00952228802392    0.01212646315452
     0.54743048       -0.00604080283719    0.01083161315510    0.01240222328696
     0.55479216       -0.00432243444413    0.01189900068700    0.01265976527717
     0.56215119       -0.00239729035719    0.01267365532049    0.01289839293243
     0.56950758       -0.00031979911804    0.01311362392511    0.01311752278157
     0.57686139        0.00184703806216    0.01318795625890    0.01331667150191
     0.58421261        0.00403401361109    0.01287842325300    0.01349544557611
     0.59156129        0.00616841152313    0.01218070832314    0.01365353272864
     0.59890745        0.00817691805464    0.01110501120232    0.01379069478583
     0.60625110        0.00998861618939    0.00967603053929    0.01390676167827
     0.61359226        0.01153793068921    0.00793231972487    0.01400162636291
     0.62093095        0.01276739245851    0.00592503878559    0.01407524048818
     0.62826719        0.01363009883231    0.00371615242495    0.01412761066225
     0.63560098        0.01409175983886    0.00137614916324    0.01415879521272
     0.64293234        0.01413223883569   -0.00101862208146    0.01416890134957
     0.65026128        0.01374651830185   -0.00338888465567    0.01415808266089
     0.65758785        0.01294504032842   -0.00565552539396    0.01412653660973
     0.66491207        0.01175342183228   -0.00774265446193    0.01407450258035
     0.67223397        0.01021154106174   -0.00958059050460    0.01400226000589
     0.67955367        0.00837201975771   -0.01110859482110    0.01391012558257
     0.68687117        0.00629825370292   -0.01227718752418    0.01379845401522
     0.69418645        0.00406194201784   -0.01305009204358    0.01366763605391
     0.70149952        0.00174029884036   -0.01340560760362    0.01351809732455
     0.70881036       -0.00058695045296   -0.01333738831406    0.01335029729536
     0.71611896       -0.00284066203962   -0.01285459888870    0.01316472838355
     0.72342531       -0.00494532603674   -0.01198144383457    0.01296191521229
     0.73072938       -0.00683195171466   -0.01075609367604    0.01274241403342
     0.73803117       -0.00844066688806   -0.00922905723083    0.01250681233909
     0.74533065       -0.00972292598915   -0.00746107204077    0.01225572869266
     0.75262781       -0.01064324169904   -0.00552059710834    0.01198981177070
     0.75992265       -0.01118035815267   -0.00348104234289    0.01170974227790
     0.76721513       -0.01132784924086   -0.00141782229116    0.01141623355021
     0.77450523       -0.01109410746204    0.00059463575824    0.01111003204605
     0.78179292       -0.01050173325634    0.00248578784890    0.01079192024697
     0.78907814       -0.00958636037206    0.00419167941945    0.01046271864949
     0.79636086       -0.00839496920025    0.00565733763236    0.01012328884106
     0.80364103       -0.00698377197394    0.00683875273242    0.00977453885967
     0.81091859       -0.00541575728209    0.00770438444251    0.00941742887292
     0.81819349       -0.00375800416614    0.00823612985066    0.00905297908038
     0.82546566       -0.00207888034901    0.00842972374362    0.00868227999429
     0.83273504       -0.00044524271509    0.00829456432097    0.00830650578463
     0.84000157        0.00108024383305    0.00785298144249    0.00792693158006
     0.84726516        0.00244155986774    0.00713898765080    0.00754495588231
     0.85452575        0.00359145920292    0.00619657338381    0.00716212963491
     0.86178329        0.00449318871288    0.00507762565180    0.00678019373391
     0.86903770        0.00512173588740    0.00383956410242    0.00640112732234
     0.87628896        0.00546456113940    0.00254279864958    0.00602720942216
     0.88353704        0.00552179429910    0.00124811859959    0.00566109638853
     0.89078196        0.00530589782410    0.00001412424488    0.00530591662336
     0.89802378        0.00484082204413   -0.00110519182351    0.00496538085445
     0.90526265        0.00416069934783   -0.00206261483654    0.00464389911894
     0.91249878        0.00330814367334   -0.00281954350624    0.00434668150973
     0.91973251        0.00233223786871   -0.00334742259483    0.00407977591353
     0.92696426        0.00128630298450   -0.00362872474694    0.00384996346177
     0.93419455        0.00022554869569   -0.00365745710246    0.00366440509093
     0.94142396       -0.00079529809357   -0.00343919058278    0.00352994772232
     0.94865365       -0.00172436789545   -0.00299058240612    0.00345210483135
     0.95588411       -0.00251462457498   -0.00233855527772    0.00343397401563
     0.96311562       -0.00312588489889   -0.00151906949963    0.00347544652467
     0.97034833       -0.00352649812363   -0.00057549951143    0.00357314829018
     0.97758231       -0.00369464366457    0.00044328817419    0.00372114178896
     0.98481759       -0.00361920738965    0.00148507535459    0.00391204689876
     0.99205415       -0.00330020080103    0.00249655751681    0.00413813058783
     0.99929201       -0.00274870963859    0.00342563608554    0.00439208233846
     1.00653117       -0.00198638046893    0.00422363992800    0.00466742344434
     1.01377168       -0.00104447334056    0.00484738519890    0.00495863568189
     1.02101359        0.00003747387735    0.00526099097344    0.00526112443439
     1.02825699        0.00121330924107    0.00543738063112    0.00557110648275
     1.03550201        0.00243218670070    0.00535941318741    0.00588547719904
     1.04274878        0.00364066194014    0.00502060465222    0.00620168448377
     1.04999748        0.00478487855598    0.00442541638836    0.00651762019497
     1.05724828        0.00581275722503    0.00358910472954    0.00683153125710
     1.06450139        0.00667610201610    0.00253714318015    0.00714194886889
     1.07175699        0.00733254268679    0.00130424476302    0.00744763295655
     1.07901532        0.00774723942509   -0.00006697305091    0.00774752890277
     1.08627659        0.00789428670951   -0.00152762540296    0.00804073392320
     1.09354103        0.00775776424486   -0.00302443888865    0.00832647204223
     1.10080890        0.00733239742959   -0.00450177819742    0.00860407223379
     1.10808040        0.00662381456790   -0.00590375760962    0.00887295178298
     1.11535573        0.00564838575115   -0.00717636473649    0.00913260490906
     1.12263508        0.00443265458210   -0.00826949959847    0.00938259293870
     1.12991864        0.00301238915516   -0.00913885774837    0.00962253653499
     1.13720672        0.00143126375508   -0.00974759568397    0.00985211335474
     1.14449951       -0.00026067167031   -0.01006767121038    0.01007104529431
     1.15179717       -0.00200880595629   -0.01008090014217    0.01027909767667
     1.15909984       -0.00375593469721   -0.00977962902571    0.01047607700097
     1.16640768       -0.00544430484413   -0.00916701309514    0.01066182837614
     1.17372085       -0.00701766323000   -0.00825689757141    0.01083623341915
     1.18103952       -0.00842323238161   -0.00707331210389    0.01099920851123
     1.18836388       -0.00961354104721   -0.00564960292740    0.01115070332776
     1.19569411       -0.01054804379619   -0.00402724086120    0.01129069957445
     1.20303045       -0.01119447352696   -0.00225435504221    0.01141920987643
     1.21037315       -0.01152988231455   -0.00038405175902    0.01153627677983
     1.21772251       -0.01154133918797    0.00152741546577    0.01164197183714
     1.22507883       -0.01122626750627    0.00342255457824    0.01173639476003
     1.23244248       -0.01059241889397    0.00524455176110    0.01181967263507
     1.23981385       -0.00965749447874    0.00693912777120    0.01189195920914
     1.24719336       -0.00844843677700    0.00845627025638    0.01195343426066
     1.25458144       -0.00700042646152    0.00975178556715    0.01200430307810
     1.26197852       -0.00535562709419    0.01078862228057    0.01204479606655
     1.26938504       -0.00356172764323    0.01153792834049    0.01207516849551
     1.27680144       -0.00167033088830    0.01197981485103    0.01209570044029
     1.28422816        0.00026474821161    0.01210380156382    0.01210669665564
     1.29166584        0.00218924973317    0.01190893054623    0.01210848632774
     1.29911471        0.00405001016641    0.01140358944336    0.01210142283125
     1.30657494        0.00579666697519    0.01060505865305    0.01208588503403
     1.31404668        0.00738314093799    0.00953875065359    0.01206227731988
     1.32153011        0.00876894523367    0.00823718760144    0.01203102905376
     1.32902527        0.00992020875820    0.00673882733626    0.01199259503502
     1.33653218        0.01081051211317    0.00508669913599    0.01194745496954
     1.34405082        0.01142142258192    0.00332695188844    0.01189611292241
     1.35158114        0.01174274530312    0.00150736214441    0.01183909658244
     1.35912309        0.01177249473326   -0.00032414209897    0.01177695632772
     1.36667660        0.01151660164753   -0.00212088926939    0.01171026407904
     1.37424160        0.01098838085953   -0.00383875654987    0.01163961192494
     1.38181799        0.01020779317375   -0.00543730675439    0.01156561049921
     1.38940569        0.00920054149103   -0.00688073853718    0.01148888708906
     1.39700462        0.00799704525048   -0.00813862836180    0.01141008345060
     1.40461469        0.00663133940954   -0.00918645272131    0.01132985330732
     1.41223581        0.00513994395292   -0.01000588908636    0.01124885950875
     1.41986791        0.00356074760088   -0.01058490348634    0.01116777082914
     1.42751091        0.00193194518134   -0.01091764106614    0.01108725839118
     1.43516473        0.00029106189360   -0.01100414303506    0.01100799168614
     1.44282931       -0.00132590800220   -0.01084991855928    0.01093063423472
     1.45050458       -0.00288522797332   -0.01046540486755    0.01085583895882
     1.45819047       -0.00435600487865   -0.00986534950104    0.01078424310188
     1.46588693       -0.00571062733526   -0.00906814825757    0.01071646291383
     1.47359389       -0.00692506254018   -0.00809517111247    0.01065308812155
     1.48131131       -0.00797902297637   -0.00697010456750    0.01059467627345
     1.48903912       -0.00885601983611   -0.00571833401060    0.01054174706556
     1.49677727       -0.00954332393267   -0.00436638384174    0.01049477677406
     1.50452572       -0.01003185719244   -0.00294142671863    0.01045419293253
     1.51228443       -0.01031603846325   -0.00147086670828    0.01042036940079
     1.52005334       -0.01039360637835    0.00001800519923    0.01039362197384
     1.52783241       -0.01026543950748    0.00149829046839    0.01037420467359
     1.53562160       -0.00993539022347    0.00294370929278    0.01036230685191
     1.54342088       -0.00941014389818    0.00432878929072    0.01035805121188
     1.55123020       -0.00869910956158    0.00562903423243    0.01036149282460
     1.55904957       -0.00781433961047    0.00682109420085    0.01037261922779
     1.56687896       -0.00677047991626    0.00788294292271    0.01039135156845
     1.57471835       -0.00558473914933    0.00879408700152    0.01041754661887
     1.58256773       -0.00427685340070    0.00953582310502    0.01045099982305
     1.59042708       -0.00286903603767    0.01009153794500    0.01049144917925
     1.59829638       -0.00138589118483    0.01044705558293    0.01053857982505
     1.60617564        0.00014572922015    0.01059102662577    0.01059202917261
     1.61406485        0.00169694373366    0.01051534796296    0.01065139243561
     1.62196405        0.00323716170992    0.01021559322160    0.01071622885186
     1.62987320        0.00473447340444    0.00969143927268    0.01078606664143
     1.63779229        0.00615618698898    0.00894705825390    0.01086040927599
     1.64572127        0.00746946408433    0.00799144332904    0.01093874125246
     1.65366009        0.00864205695016    0.00683864116906    0.01102053362451
     1.66160873        0.00964313243183    0.00550786320268    0.01110524921635
     1.66956714        0.01044416041553    0.00402345060291    0.01119234745437
     1.67753528        0.01101983815198    0.00241467255157    0.01128128877510
     1.68551311        0.01134901642073    0.00071534339493    0.01137153858942
     1.69350060        0.01141558944880   -0.00103674813048    0.01146257079148
     1.70149771        0.01120930824307   -0.00280059634431    0.01155387083068
     1.70950440        0.01072647641720   -0.00453291220429    0.01164493835881
     1.71752062        0.00997048924250   -0.00618921347501    0.01173528947977
     1.72554632        0.00895218026759   -0.00772504306886    0.01182445863281
     1.73358144        0.00768994546108   -0.00909727905593    0.01191200014338
     1.74162593        0.00620962223921   -0.01026549294502    0.01199748947731
     1.74967973        0.00454410966446   -0.01119330751630    0.01208052423520
     1.75774275        0.00273272617057   -0.01184970203744    0.01216072492491
     1.76581494        0.00082031193975   -0.01221021129167    0.01223773555302
     1.77389627       -0.00114390592596   -0.01225796547580    0.01231122408103
     1.78198672       -0.00310765617193   -0.01198452050858    0.01238088279177
     1.79008642       -0.00501713202539   -0.01139043325978    0.01244642854822
     1.79819576       -0.00681863899044   -0.01048552886159    0.01250760381484
     1.80631531       -0.00846021079643   -0.00928888158931    0.01256417477992
     1.81444498       -0.00989311321715   -0.00782865805899    0.01261592549644
     1.82258453       -0.01107361327538   -0.00614150619288    0.01266266201436
     1.83073359       -0.01196453778404   -0.00427163446728    0.01270421289997
     1.83889172       -0.01253664598222   -0.00226959210239    0.01274042938031
     1.84705841       -0.01276976000483   -0.00019079207997    0.01277118523077
     1.85523311       -0.01265360643149    0.00190617323001    0.01279637652251
     1.86341522       -0.01218833134654    0.00396136562015    0.01281592129305
     1.87160407       -0.01138466258736    0.00591541868486    0.01282975917331
     1.87979894       -0.01026370633673    0.00771146873643    0.01283785098214
     1.88799905       -0.00885637844739    0.00929702854642    0.01284017830859
     1.89620353       -0.00720248613311    0.01062573132321    0.01283674307022
     1.90441145       -0.00534949254191    0.01165887672295    0.01282756706850
     1.91262179       -0.00335100207680    0.01236672347845    0.01281269154047
     1.92083341       -0.00126502410986    0.01272947361557    0.01279217669234
     1.92904509        0.00084792166605    0.01273791070973    0.01276610122163
     1.93725550        0.00292678751051    0.01239366692109    0.01273456182531
     1.94546318        0.00491199291272    0.01170910830775    0.01269767268979
     1.95366654        0.00674735749604    0.01070684319321    0.01265556495552
     1.96186386        0.00838189857709    0.00941887346738    0.01260838614380
     1.97005329        0.00977142583035    0.00788542294331    0.01255629952466
     1.97823282        0.01087987363642    0.00615348963045    0.01249948338838
     1.98640035        0.01168032201476    0.00427517945623    0.01243813015495
     1.99455366        0.01215566883593    0.00230588712817    0.01237244520281
     2.00269055        0.01229892824689    0.00030239520677    0.01230264519863
     2.01080890        0.01211314140943   -0.00167903491459    0.01222895551751
     2.01890703        0.01161089341544   -0.00358450578987    0.01215160597050
     2.02698416        0.01081343162436   -0.00536418433661    0.01207082338086
     2.03504136        0.00974937542706   -0.00697377209137    0.01198681852704
     2.04308299        0.00845304416071   -0.00837558834671    0.01189976620512
     2.05112030        0.00696215257094   -0.00953932870433    0.01180975700641
     2.05917459        0.00531548316618   -0.01044164179469    0.01171675060154
     2.06725254        0.00355709271570   -0.01106306562875    0.01162085752835
     2.07535692        0.00173411021411   -0.01139099406905    0.01152223433696
     2.08348797       -0.00010460379177   -0.01142059270130    0.01142107173615
     2.09164463       -0.00191004545535   -0.01115524095343    0.01131758253209
     2.09982522       -0.00363466339026   -0.01060650825632    0.01121199337102
     2.10802782       -0.00523385726097   -0.00979374973972    0.01110453942279
     2.11625049       -0.00666732011922   -0.00874339762836    0.01099546086619
     2.12449134       -0.00790018382797   -0.00748801238301    0.01088500041176
     2.13274862       -0.00890393797958   -0.00606515185444    0.01077340143881
     2.14102070       -0.00965710307509   -0.00451611424257    0.01066090651187
     2.14930613       -0.01014564891773   -0.00288460875968    0.01054775614329
     2.15760356       -0.01036315894698   -0.00121540531481    0.01043418772304
     2.16591181       -0.01031075023124    0.00044698918513    0.01032043456752
     2.17422981       -0.00999676673189    0.00205958522079    0.01020672505623
     2.18255661       -0.00943627002105    0.00358205894981    0.01009328183646
     2.19089136       -0.00865035673268    0.00497776428840    0.00998032108268
     2.19923332       -0.00766533413173    0.00621458735790    0.00986805165066
     2.20758184       -0.00651179273027    0.00726562146126    0.00975667462717
     2.21593633       -0.00522360936577    0.00810966129028    0.00964638279612
     2.22429626       -0.00383691146364    0.00873151439241    0.00953735986344
     2.23266123       -0.00238903372045    0.00912213014947    0.00942977945560
     2.24103084       -0.00091752353511    0.00927855074160    0.00932380573059
     2.24940471        0.00054082154651    0.00920371636642    0.00921959233907
     2.25778253        0.00195083468890    0.00890612570522    0.00911728199962
     2.26616402        0.00327976754979    0.00839937641428    0.00901700611785
     2.27454893        0.00449797172683    0.00770160699032    0.00891888445315
     2.28293703        0.00557946496451    0.00683486195857    0.00882302483749
     2.29132811        0.00650237730872    0.00582440213910    0.00872952295048
     2.29972200        0.00724927610337    0.00469798088404    0.00863846215537
     2.30811854        0.00780737195717    0.00348510577655    0.00854991340022
     2.31651757        0.00816861051573    0.00221630347943    0.00846393518823
     2.32491896        0.00832965703139    0.00092240335519    0.00838057362059
     2.33332260        0.00829178233756   -0.00036614672227    0.00829986251427
     2.34172837        0.00806065994021   -0.00161992116374    0.00822182359629
     2.35013619        0.00764608458924   -0.00281110500854    0.00814646677492
     2.35854597        0.00706162295886   -0.00391402274051    0.00807379048690
     2.36695762        0.00632420702732   -0.00490560227482    0.00800378211867
     2.37537109        0.00545368048723   -0.00576577034974    0.00793641849846
     2.38378632        0.00447230811858   -0.00647777684589    0.00787166645461
     2.39220325        0.00340425759225   -0.00702844661100    0.00780948343477
     2.40062185        0.00227506270327   -0.00740835821955    0.00774981817935
     2.40904208        0.00111107660829   -0.00761194978740    0.00769261144185
     2.41746411       -0.00006110433000   -0.00763755104990    0.00763779547900
     2.42588803       -0.00121513950570   -0.00748733364532    0.00758529690485
     2.43431383       -0.00232546825711   -0.00716721608302    0.00753503742495
     2.44274149       -0.00336783181063   -0.00668669487844    0.00748693391863
     2.45117101       -0.00431975165243   -0.00605860772463    0.00744089926686
     2.45960240       -0.00516097144995   -0.00529883597111    0.00739684317503
     2.46803566       -0.00587385513934   -0.00442595080063    0.00735467298304
     2.47647082       -0.00644373405013   -0.00346080841279    0.00731429445530
     2.48490790       -0.00685919632047   -0.00242610051711    0.00727561254342
     2.49334691       -0.00711231241758   -0.00134586747635    0.00723853211564
     2.50178790       -0.00719879134734   -0.00024498247937    0.00720295864751
     2.51023090       -0.00711806312875    0.00085138388712    0.00716879886927
     2.51867594       -0.00687328432228    0.00191830843229    0.00713596136595
     2.52712307       -0.00647126482286    0.00293165853870    0.00710435712751
     2.53557235       -0.00592231582553    0.00386862213096    0.00707390005086
     2.54402381       -0.00524002047730    0.00470821300294    0.00704450738403
     2.55247751       -0.00444093070562    0.00543173962439    0.00701610011897
     2.56093351       -0.00354419556953    0.00602322623543    0.00698860333101
     2.56939190       -0.00257112489285    0.00646977697615    0.00696194637553
     2.57785280       -0.00154470097389    0.00676186881935    0.00693606307849
     2.58631629       -0.00048906778363    0.00689356549314    0.00691089230890
     2.59478244        0.00057103618696    0.00686266106460    0.00688637780073
     2.60325132        0.00161084711709    0.00667073034820    0.00686246834696
     2.61172300        0.00260615250318    0.00632309275884    0.00683911784565
     2.62019752        0.00353385871560    0.00582868660599    0.00681628527665
     2.62867496        0.00437253241982    0.00519985659381    0.00679393467429
     2.63715537        0.00510290369231    0.00445205939194    0.00677203506506
     2.64563878        0.00570831812592    0.00360349407099    0.00675056037276
     2.65412527        0.00617512645220    0.00267466623269    0.00672948929392
     2.66261486        0.00649300176221    0.00168789650441    0.00670880514649
     2.67110760        0.00665517630985    0.00066678551827    0.00668849569355
     2.67960353        0.00665859193312   -0.00036435127043    0.00666855294498
     2.68810268        0.00650396042130   -0.00138106480244    0.00664897293951
     2.69660508        0.00619573251592   -0.00235935514533    0.00662975550912
     2.70511075        0.00574197661330   -0.00327624123628    0.00661090402789
     2.71361972        0.00515417061316   -0.00411030347150    0.00659242514841
     2.72213201        0.00444691255885   -0.00484218589793    0.00657432852664
     2.73064764        0.00363755775003   -0.00545504584427    0.00655662653716
     2.73916662        0.00274579185345   -0.00593494027064    0.00653933398127
     2.74768900        0.00179315106717   -0.00627113987369    0.00652246778950
     2.75621481        0.00080250161348   -0.00645636392185    0.00650604672062
     2.76474412       -0.00020250827874   -0.00648693088830    0.00649009105888
     2.77327700       -0.00119801021111   -0.00636282214199    0.00647462231149
     2.78181357       -0.00216047740784   -0.00608765819220    0.00645966290876
     2.79035402       -0.00306727278049   -0.00566858920833    0.00644523590901
     2.79889859       -0.00389717011356   -0.00511610370867    0.00643136471146
     2.80744760       -0.00463083609263   -0.00444376139078    0.00641807278043
     2.81600149       -0.00525126211577   -0.00366785802655    0.00640538338520
     2.82456086       -0.00574413641076   -0.00280703212407    0.00639331936094
     2.83312645       -0.00609814896248   -0.00188182459835    0.00638190289706
     2.84169919       -0.00630522417708   -0.00091420386104    0.00637115536011
     2.85028024       -0.00636067906435    0.00007293070251    0.00636109715749
     2.85887092       -0.00626330782963    0.00105625431395    0.00635174764490
     2.86747273       -0.00601539661822    0.00201252061419    0.00634312507342
     2.87608726       -0.00562267386183    0.00291905594933    0.00633524656125
     2.88471635       -0.00509418611028    0.00375426031329    0.00632812789268
     2.89336282       -0.00444204802723    0.00449812731852    0.00632178298028
     2.90202781       -0.00368140396216    0.00513244320267    0.00631622580037
     2.91071221       -0.00283008808608    0.00564138631917    0.00631146878128
     2.91941667       -0.00190826995563    0.00601193370481    0.00630752257980
     2.92814161       -0.00093803217562    0.00623422030344    0.00630439585958
     2.93688727        0.00005711280792    0.00630183629739    0.00630209509544
     2.94565378        0.00105275663137    0.00621205050526    0.00630062441388
     2.95444112        0.00202416716249    0.00596595040765    0.00629998547365
     2.96324924        0.00294688494947    0.00556849209227    0.00630017738536
     2.97207801        0.00379732924190    0.00502845603215    0.00630119666719
     2.98092729        0.00455339847973    0.00435830708414    0.00630303723255
     2.98979694        0.00519505008052    0.00357395945068    0.00630569040583
     2.99868680        0.00570484455271    0.00269444962616    0.00630914496256
     3.00759673        0.00606843941495    0.00174152257673    0.00631338719058
     3.01652660        0.00627501912098    0.00073913858345    0.00631840096972
     3.02547629        0.00631764819501   -0.00028708970043    0.00632416786716
     3.03444570        0.00619353609172   -0.00131051839662    0.00633066724662
     3.04343477        0.00590420392031   -0.00230413827533    0.00633787638917
     3.05244344        0.00545554511709   -0.00324127016603    0.00634577062411
     3.06147167        0.00485777440684   -0.00409627325106    0.00635432346793
     3.07051944        0.00412526193834   -0.00484524843048    0.00636350677009
     3.07958678        0.00327625227802   -0.00546671816052    0.00637329086389
     3.08867372        0.00233247094577   -0.00594226381198    0.00638364472101
     3.09778030        0.00131862431437   -0.00625710172204    0.00639453610846
     3.10690660        0.00026180188836   -0.00640057976374    0.00640593174650
     3.11605272       -0.00080920685878   -0.00636657746190    0.00641779746632
     3.12521879       -0.00186466587909   -0.00615379445223    0.00643009836635
     3.13440494       -0.00287469816951   -0.00576591440729    0.00644279896613
     3.14361136       -0.00381012459438   -0.00521163338426    0.00645586337809
     3.15283847       -0.00464332711820   -0.00450452920895    0.00646925576252
     3.16208650       -0.00534903116903   -0.00366283686978    0.00648293979471
     3.17135566       -0.00590512730405   -0.00270904227684    0.00649687913808
     3.18064621       -0.00629340071850   -0.00166934647626    0.00651103757180
     3.18995844       -0.00650017242323   -0.00057300178174    0.00652537911340
     3.19929265       -0.00651682900906    0.00054846593283    0.00653986813421
     3.20864917       -0.00634022023033    0.00166213038949    0.00655446946753
     3.21802835       -0.00597290661970    0.00273461124302    0.00656914850937
     3.22743057       -0.00542324306235    0.00373306792525    0.00658387131162
     3.23685624       -0.00470528863740    0.00462621253288    0.00659860466770
     3.24630578       -0.00383853797637    0.00538531124851    0.00661331619079
     3.25577964       -0.00284747476709    0.00598514259601    0.00662797438466
     3.26527829       -0.00176095369710    0.00640488059279    0.00664254870748
     3.27480222       -0.00061142291673    0.00662887163952    0.00665700962868
     3.28435195        0.00056599517468    0.00664727581860    0.00667132867923
     3.29392800        0.00173454154639    0.00645654616179    0.00668547849563
     3.30353094        0.00285694826354    0.00605972336309    0.00669943285792
     3.31316132        0.00389662365119    0.00546652829133    0.00671316672212
     3.32281971        0.00481885866847    0.00469324039486    0.00672665624740
     3.33250672        0.00559201570479    0.00376235655459    0.00673987881838
     3.34222294        0.00618865959157    0.00270203196191    0.00675281306298
     3.35196897        0.00658659046390    0.00154531197870    0.00676543886608
     3.36174542        0.00676973929621    0.00032917145483    0.00677773737949
     3.37155288        0.00672888952337   -0.00090661460630    0.00678969102847
     3.38139197        0.00646219215202   -0.00212073808950    0.00680128351518
     3.39126327        0.00597544712893   -0.00327172514103    0.00681249981939
     3.40116736        0.00528213038054   -0.00431936095144    0.00682332619665
     3.41110478        0.00440315373406   -0.00522612462917    0.00683375017435
     3.42107609        0.00336635369351   -0.00595858382642    0.00684376054566
     3.43108176        0.00220571454109   -0.00648869735957    0.00685334736176
     3.44112229        0.00096034118351   -0.00679497442559    0.00686250192227
     3.45119809       -0.00032679275964   -0.00686344128795    0.00687121676422
     3.46130954       -0.00161028628552   -0.00668837056971    0.00687948564931
     3.47145699       -0.00284389720112   -0.00627273456282    0.00688730354974
     3.48164070       -0.00398222045288   -0.00562835217751    0.00689466663222
     3.49186090       -0.00498239915483   -0.00477570916731    0.00690157224035
     3.50211774       -0.00580580403843   -0.00374344283288    0.00690801887488
     3.51241130       -0.00641961445617   -0.00256749519552    0.00691400617189
     3.52274160       -0.00679823405334   -0.00128995220458    0.00691953487845
     3.53310858       -0.00692447701717    0.00004239961825    0.00692460682559
     3.54351212       -0.00679046655728    0.00137975418990    0.00692922489822
     3.55395199       -0.00639819596912    0.00267114710553    0.00693339300189
     3.56442794       -0.00575971413536    0.00386642882215    0.00693711602598
     3.57493960       -0.00489691131807    0.00491827296654    0.00694039980336
     3.58548656       -0.00384089710941    0.00578413733976    0.00694325106635
     3.59606833       -0.00263097980848    0.00642809301263    0.00694567739904
     3.60668435       -0.00131327451138    0.00682243851530    0.00694768718620
     3.61733400        0.00006101501837    0.00694902169663    0.00694928955885
     3.62801661        0.00143757899888    0.00680020133181    0.00695049433718
     3.63873144        0.00276117251155    0.00637939373919    0.00695131197099
     3.64947771        0.00397788662399    0.00570116605886    0.00695175347837
     3.66025458        0.00503742365110    0.00479085677436    0.00695183038294
     3.67106116        0.00589527646237    0.00368372467573    0.00695155465017
     3.68189655        0.00651471214460    0.00242364877937    0.00695093862243
     3.69275984        0.00686846500225    0.00106142278861    0.00694999495131
     3.70365014        0.00694005245230   -0.00034729129789    0.00694873652445
     3.71456693        0.00672463375253   -0.00174429358252    0.00694717634782
     3.72550945        0.00622938446212   -0.00307121212657    0.00694532754471
     3.73647675        0.00547339350236   -0.00427200607928    0.00694320332218
     3.74746781        0.00448702040500   -0.00529543079576    0.00694081691356
     3.75848156        0.00331073728908   -0.00609732576838    0.00693818152854
     3.76951687        0.00199350086592   -0.00664262623770    0.00693531030569
     3.78057261        0.00059072046077   -0.00690700164552    0.00693221626856
     3.79164761       -0.00083809226159   -0.00687803946022    0.00692891228514
     3.80274069       -0.00223188962241   -0.00655591234377    0.00692541103082
     3.81385066       -0.00353075586024   -0.00595348968251    0.00692172495440
     3.82497630       -0.00467855527805   -0.00509588009340    0.00691786624734
     3.83611640       -0.00562543809729   -0.00401941836689    0.00691384681596
     3.84726975       -0.00633008644837   -0.00277013702983    0.00690967825646
     3.85843517       -0.00676159381010   -0.00140178789297    0.00690537183283
     3.86961145       -0.00690088758114    0.00002649877876    0.00690093845740
     3.88079745       -0.00674162554015    0.00145281169471    0.00689638867407
     3.89199204       -0.00629052166166    0.00281519378782    0.00689173264418
     3.90319414       -0.00556708381557    0.00405438937047    0.00688698013479
     3.91440271       -0.00460277386673    0.00511647639752    0.00688214050965
     3.92561676       -0.00343962813502    0.00595526243472    0.00687722272240
     3.93683536       -0.00212840165143    0.00653433428884    0.00687223531234
     3.94805766       -0.00072632185555    0.00682866792624    0.00686718640235
     3.95928285        0.00070544476066    0.00682572636319    0.00686208369924
     3.97051023        0.00210449687610    0.00652599751631    0.00685693449614
     3.98173913        0.00340995026472    0.00594295027875    0.00685174567709
     3.99296900        0.00456511318941    0.00510241400375    0.00684652372360
     4.00419934        0.00551996579085    0.00404141281069    0.00684127472322
     4.01542973        0.00623333416928    0.00280651046966    0.00683600437991
     4.02665983        0.00667466487539    0.00145174293696    0.00683071802623
     4.03788938        0.00682532446391    0.00003623308721    0.00682542063716
     4.04911819        0.00667937074830   -0.00137840494599    0.00682011684565
     4.06034613        0.00624376627007   -0.00273075652130    0.00681481095951
     4.07157326        0.00553802122505   -0.00396228539175    0.00680950692891
     4.08279974        0.00459329551462   -0.00501984941249    0.00680420838957
     4.09402565        0.00345102995362   -0.00585795944927    0.00679891878537
     4.10525112        0.00216111621621   -0.00644074056652    0.00679364131709
     4.11647631        0.00077971464985   -0.00674345119475    0.00678837896344
     4.12770146       -0.00063318849602   -0.00675351656475    0.00678313450124
     4.13892680       -0.00201637381012   -0.00647103608198    0.00677791054208
     4.15015263       -0.00331003054464   -0.00590874711095    0.00677270954845
     4.16137923       -0.00445832759058   -0.00509144671155    0.00676753385817
     4.17260695       -0.00541180679715   -0.00405489921763    0.00676238570882
     4.18383611       -0.00612949793356   -0.00284427775194    0.00675726726182
     4.19506709       -0.00658066662684   -0.00151220698094    0.00675218062605
     4.20630025       -0.00674612218480   -0.00011649079461    0.00674712788062
     4.21753597       -0.00661903066370    0.00128237868927    0.00674211109591
     4.22877461       -0.00620519924418    0.00262382444321    0.00673713235499
     4.24001655       -0.00552282034169    0.00384979070412    0.00673219377262
     4.25126217       -0.00460168587773    0.00490724147506    0.00672729751177
     4.26251183       -0.00348190466418    0.00575044497611    0.00672244579849
     4.27376590       -0.00221217677927    0.00634294676152    0.00671764093430
     4.28502472       -0.00084769762830    0.00665914693205    0.00671288530601
     4.29628867        0.00055221968258    0.00668541330225    0.00670818139288
     4.30755811        0.00192670269809    0.00642068181082    0.00670353177083
     4.31883338        0.00321594958045    0.00587651712750    0.00669893911405
     4.33011488        0.00436381804893    0.00507662942539    0.00669440619375
     4.34140299        0.00532026199097    0.00405586665898    0.00668993587473
     4.35269812        0.00604351067331    0.00285872435926    0.00668553110984
     4.36400068        0.00650189637930    0.00153743592094    0.00668119493341
     4.37531113        0.00667525152725    0.00014972416971    0.00667693045336
     4.38662992        0.00655581454485   -0.00124369048083    0.00667274084306
     4.39795749        0.00614860461584   -0.00258172005689    0.00666862933249
     4.40929432        0.00547124489124   -0.00380556982069    0.00666459918675
     4.42064127        0.00455320332498   -0.00486134192276    0.00666065355717
     4.43199865        0.00343462419453   -0.00570230541959    0.00665679580999
     4.44336667        0.00216460884199   -0.00629104662792    0.00665302931854
     4.45474551        0.00079910172509   -0.00660116586763    0.00664935744106
     4.46613525       -0.00060154301683   -0.00661850317505    0.00664578349626
     4.47753597       -0.00197521092575   -0.00634183204820    0.00664231073715
     4.48894767       -0.00326077429885   -0.00578298419773    0.00663894232986
     4.50037033       -0.00440081842930   -0.00496639344599    0.00663568132960
     4.51180395       -0.00534422172668   -0.00392807294921    0.00663253066018
     4.52324849       -0.00604847253196   -0.00271406682793    0.00662949309648
     4.53470393       -0.00648161602633   -0.00137844122502    0.00662657124942
     4.54617027       -0.00662374002428    0.00001909756009    0.00662376755526
     4.55764752       -0.00646792993477    0.00141585283972    0.00662108426958
     4.56913574       -0.00602064625856    0.00274894005849    0.00661852346191
     4.58063498       -0.00530150275978    0.00395811519251    0.00661608701493
     4.59214535       -0.00434245143721    0.00498850245923    0.00661377662688
     4.60366699       -0.00318640676631    0.00579309802451    0.00661159381707
     4.61520005       -0.00188536701665    0.00633493562344    0.00660953993411
     4.62674475       -0.00049811332715    0.00658881434850    0.00660761616665
     4.63830145        0.00091242920405    0.00654250544865    0.00660582353670
     4.64987054        0.00228200243841    0.00619737307300    0.00660416293975
     4.66145232        0.00354790554300    0.00556840709309    0.00660263517820
     4.67304710        0.00465187530830    0.00468363515420    0.00660124095467
     4.68465522        0.00554277267342    0.00358293438971    0.00659998089014
     4.69627704        0.00617897038523    0.00231629433221    0.00659885554130
     4.70791293        0.00653033014672    0.00094160301507    0.00659786541718
     4.71956329        0.00657967470331   -0.00047794860646    0.00659701099528
     4.73122849        0.00632368235531   -0.00187673102375    0.00659629273656
     4.74290895        0.00577315598516   -0.00318968256567    0.00659571109879
     4.75460506        0.00495264609680   -0.00435532289048    0.00659526654811
     4.76631723        0.00389943605111   -0.00531863612118    0.00659495956820
     4.77804587        0.00266192671948   -0.00603368959144    0.00659479066731
     4.78979135        0.00129748569838   -0.00646586385297    0.00659476038250
     4.80155406       -0.00013014813944   -0.00659358493542    0.00659486928141
     4.81333436       -0.00155379182565   -0.00640947048400    0.00659511796124
     4.82513262       -0.00290594668544   -0.00592082655087    0.00659550704526
     4.83694916       -0.00412198531414   -0.00514946050638    0.00659603717673
     4.84878430       -0.00514324864951   -0.00413080659199    0.00659670901065
     4.86063835       -0.00591990549159   -0.00291239272602    0.00659752320344
     4.87251156       -0.00641343459039   -0.00155170885097    0.00659848040108
     4.88440422       -0.00659860401302   -0.00011356687470    0.00659958122578
     4.89631655       -0.00646484348390    0.00133293138173    0.00660082626190
     4.90824878       -0.00601693199400    0.00271768026718    0.00660221604123
     4.92020111       -0.00527495409702    0.00397295694871    0.00660375102816
     4.93217372       -0.00427351255838    0.00503674667833    0.00660543160500
     4.94416677       -0.00306022077551    0.00585584390558    0.00660725805773
     4.95618041       -0.00169353390666    0.00638857351343    0.00660923056259
     4.96821473       -0.00024001120762    0.00660699118488    0.00661134917372
     4.98026980        0.00122886790452    0.00649844376231    0.00661361381233
     4.99234567        0.00264018646739    0.00606639863504    0.00661602425795
     5.00444245        0.00392321810275    0.00533047495102    0.00661858017140
     5.01656009        0.00501296119476    0.00432568868610    0.00662128103536
     5.02869848        0.00585349914710    0.00310090233772    0.00662412617431
     5.04085746        0.00640094799125    0.00171654155521    0.00662711476416
     5.05303688        0.00662583942297    0.00024168540475    0.00663024583962
     5.06523655        0.00651480846793   -0.00124933411143    0.00663351830447
     5.07745630        0.00607148457043   -0.00268065802948    0.00663693094435
     5.08969596        0.00531652422436   -0.00397876579193    0.00664048244145
     5.10195537        0.00428676679895   -0.00507628248645    0.00664417139084
     5.11423435        0.00303354068936   -0.00591552921762    0.00664799631758
     5.12653278        0.00162019195897   -0.00645162712630    0.00665195569443
     5.13885054        0.00011894856541   -0.00665498502803    0.00665604796291
     5.15118759       -0.00139273267243   -0.00651302641649    0.00666027157094
     5.16354383       -0.00283612222083   -0.00603105598791    0.00666462493925
     5.17591916       -0.00413533091329   -0.00523220983466    0.00666910650060
     5.18831351       -0.00522132932115   -0.00415646342273    0.00667371471254
     5.20072678       -0.00603566846273   -0.00285873657510    0.00667844806806
     5.21315890       -0.00653369944255   -0.00140617876109    0.00668330510404
     5.22560979       -0.00668711178826    0.00012523674619    0.00668828440718
     5.23807935       -0.00648564248693    0.00165464170437    0.00669338461753
     5.25056747       -0.00593784864034    0.00310052492756    0.00669860442943
     5.26307405       -0.00507088436103    0.00438508586570    0.00670394259019
     5.27559895       -0.00392927469339    0.00543845754938    0.00670939789642
     5.28814201       -0.00257273332610    0.00620256837421    0.00671496918861
     5.30070306       -0.00107312381833    0.00663442638980    0.00672065534387
     5.31328187        0.00048928691264    0.00670863613439    0.00672645526757
     5.32587823        0.00203009182018    0.00641899560106    0.00673236788394
     5.33849186        0.00346529969829    0.00577906795687    0.00673839212640
     5.35112247        0.00471593845572    0.00482167688253    0.00674452692764
     5.36376973        0.00571245190524    0.00359733306268    0.00675077121028
     5.37643330        0.00639864197678    0.00217165926361    0.00675712387812
     5.38911280        0.00673492817887    0.00062193919432    0.00676358380861
     5.40180782        0.00670072960054   -0.00096703245346    0.00677014984661
     5.41451795        0.00629582026623   -0.00250757798037    0.00677682079978
     5.42724274        0.00554056393825   -0.00391399007143    0.00678359543555
     5.43998174        0.00447499652979   -0.00510734006687    0.00679047247990
     5.45273449        0.00315678964550   -0.00601996794294    0.00679745061769
     5.46550051        0.00165819358356   -0.00659939406845    0.00680452849441
     5.47827933        0.00006211851484   -0.00681142147225    0.00681170471927
     5.49107048       -0.00154243519289   -0.00664224004832    0.00681897786943
     5.50387346       -0.00306534564251   -0.00609939854136    0.00682634649533
     5.51668780       -0.00442045890623   -0.00521157272819    0.00683380913129
     5.52951305       -0.00553050675466   -0.00402712807467    0.00684136430057
     5.54234872       -0.00633156929651   -0.00261154652216    0.00684901051203
     5.55519435       -0.00677682493706   -0.00104384544592    0.00685674627958
     5.56804947       -0.00683935663589    0.00058781279959    0.00686457013077
     5.58091365       -0.00651384457077    0.00219107706538    0.00687248061464
     5.59378647       -0.00581703578584    0.00367464949390    0.00688047630886
     5.60666750       -0.00478695121666    0.00495351384515    0.00688855582577
     5.61955636       -0.00348086342362    0.00595384803962    0.00689671781739
     5.63245266       -0.00197215009907    0.00661733406390    0.00690496097936
     5.64535601       -0.00034619478959    0.00690461045790    0.00691328405374
     5.65826607        0.00130443679715    0.00679765984696    0.00692168583170
     5.67118248        0.00288527170886    0.00630098375157    0.00693016515471
     5.68410489        0.00430535360816    0.00544148676321    0.00693872091134
     5.69703296        0.00548250419018    0.00426706552067    0.00694735203895
     5.70996636        0.00634811386013    0.00284397374741    0.00695605752255
     5.72290476        0.00685118012964    0.00125310686480    0.00696483639315
     5.73584784        0.00696135323421   -0.00041458611156    0.00697368772569
     5.74879527        0.00667080446765   -0.00206330294885    0.00698261063674
     5.76174675        0.00599480008648   -0.00359790249430    0.00699160428195
     5.77470198        0.00497093848302   -0.00492941385866    0.00700066785328
     5.78766065        0.00365708628894   -0.00598021939333    0.00700980057612
     5.80062247        0.00212812554617   -0.00668860722518    0.00701900170629
     5.81358717        0.00047169450529   -0.00701242403821    0.00702827052681
     5.82655448       -0.00121683525477   -0.00693160984360    0.00703760634457
     5.83952414       -0.00283985649636   -0.00644946072879    0.00704700848674
     5.85249589       -0.00430318046837   -0.00559253927895    0.00705647629699
     5.86546952       -0.00552151839488   -0.00440923118689    0.00706600913136
     5.87844479       -0.00642346968853   -0.00296702585701    0.00707560635392
     5.89142151       -0.00695572368425   -0.00134867386522    0.00708526733203
     5.90439947       -0.00708622644421    0.00035255948900    0.00709499143142
     5.91737849       -0.00680612368811    0.00203827155377    0.00710477801094
     5.93035842       -0.00613036168688    0.00361061970360    0.00711462641718
     5.94333909       -0.00509690588986    0.00497800796158    0.00712453597897
     5.95632037       -0.00376461758271    0.00606043153144    0.00713450600191
     5.96930212       -0.00220990729264    0.00679416669120    0.00714453576307
     5.98228422       -0.00052235538635    0.00713553058096    0.00715462450597
     5.99526655        0.00120044885114    0.00706348867669    0.00716477143599
     6.00824902        0.00285855198266    0.00658095411725    0.00717497571640
     6.02123154        0.00435543825676    0.00571469864989    0.00718523646567
     6.03421400        0.00560365112520    0.00451387566438    0.00719555275476
     6.04719633        0.00652990679916    0.00304723681068    0.00720592360395
     6.06017845        0.00707940109248    0.00139919919540    0.00721634798334
     6.07316029        0.00721905562122   -0.00033501167195    0.00722682481334
     6.08614176        0.00693951102144   -0.00205486368012    0.00723735296642
     6.09912282        0.00625574697969   -0.00366034662546    0.00724793126985
     6.11210339        0.00520628843381   -0.00505778927783    0.00725855850944
     6.12508341        0.00385103951483   -0.00616532638021    0.00726923343409
     6.13806283        0.00226786687494   -0.00691769623220    0.00727995476109
     6.15104161        0.00054812729333   -0.00727008747002    0.00729072118185
     6.16401968       -0.00120860342961   -0.00720080815379    0.00730153136799
     6.17699701       -0.00290029595957   -0.00671261817632    0.00731238397749
     6.18997357       -0.00442839325544   -0.00583264338616    0.00732327766065
     6.20294933       -0.00570355237847   -0.00461087217606    0.00733421106582
     6.21592426       -0.00665086765698   -0.00311731782594    0.00734518284447
     6.22889835       -0.00721426983678   -0.00143800778718    0.00735619165560
     6.24187158       -0.00735984296301    0.00032997020212    0.00736723616932
     6.25484395       -0.00707786300103    0.00208407979757    0.00737831506944
     6.26781547       -0.00638343587117    0.00372228138485    0.00738942705691
     6.28078614       -0.00531569415627    0.00514896538176    0.00740057084728
     6.29375598       -0.00393559487212    0.00628053019174    0.00741174517147
     6.30672500       -0.00232244206312    0.00705027881570    0.00742294877496
     6.31969322       -0.00056933261143    0.00741234772751    0.00743418041589
     6.33266068        0.00122221338429    0.00734443696285    0.00744543886269
     6.34562739        0.00294812822756    0.00684917923779    0.00745672289129
     6.35859340        0.00450783853231    0.00595406441003    0.00746803128221
     6.37155872        0.00581012303022    0.00470991916411    0.00747936281770
     6.38452340        0.00677844546371    0.00318802563797    0.00749071627903
     6.39748746        0.00735545112265    0.00147604194314    0.00750209044437
     6.41045093        0.00750636306116   -0.00032704238492    0.00751348408713
     6.42341385        0.00722107700696   -0.00211662615845    0.00752489597503
     6.43637625        0.00651482882148   -0.00378856146481    0.00753632486997
     6.44933815        0.00542739081923   -0.00524521246021    0.00754776952864
     6.46229958        0.00402083855757   -0.00640115582464    0.00755922870386
     6.47526055        0.00237601292876   -0.00718819020446    0.00757070114673
     6.48822111        0.00058787833306   -0.00755936093273    0.00758218561141
     6.50118125       -0.00123995573767   -0.00749176205506    0.00759368085457
     6.51414100       -0.00300123542362   -0.00698794923706    0.00760518563927
     6.52710038       -0.00459323796570   -0.00607587563075    0.00761669873961
     6.54005939       -0.00592276275506   -0.00480734912525    0.00762821894447
     6.55301805       -0.00691158863101   -0.00325509557371    0.00763974506108
     6.56597636       -0.00750107773803   -0.00150859402803    0.00765127591800
     6.57893434       -0.00765565478628    0.00033107782251    0.00766281036770
     6.59189200       -0.00736495509701    0.00215709126327    0.00767434728815
     6.60484935       -0.00664451164540    0.00386306901310    0.00768588558371
     6.61780639       -0.00553493599114    0.00534928244330    0.00769742418503
     6.63076314       -0.00409963559520    0.00652848250696    0.00770896204797
     6.64371962       -0.00242119545519    0.00733102341277    0.00772049815172
     6.65667584       -0.00059663026108    0.00770897810265    0.00773203149603
     6.66963182        0.00126822047045    0.00763900224757    0.00774356109940
     6.68258757        0.00306482965997    0.00712377553712    0.00775508599230
     6.69554312        0.00468829793065    0.00619193177104    0.00776660521359
     6.70849848        0.00604347896986    0.00489647613629    0.00777811780654
     6.72145367        0.00705055733246    0.00331177669734    0.00778962281445
     6.73440870        0.00764975177145    0.00152930042942    0.00780111927664
     6.74736360        0.00780486688284   -0.00034766214130    0.00781260622477
     6.76031838        0.00750548193401   -0.00220997980070    0.00782408267986
     6.77327306        0.00676764437674   -0.00394902476128    0.00783554764999
     6.78622764        0.00563302220402   -0.00546300941521    0.00784700012882
     6.79918214        0.00416655898771   -0.00666294613599    0.00785843909496
     6.81213656        0.00245276292409   -0.00747788109951    0.00786986351217
     6.82509091        0.00059084141092   -0.00785909409362    0.00788127233036
     6.83804520       -0.00131103912597   -0.00778301542571    0.00789266448715
     6.85099942       -0.00314203628325   -0.00725268495710    0.00790403891009
     6.86395358       -0.00479509273897   -0.00629766274251    0.00791539451915
     6.87690767       -0.00617319863510   -0.00497239084754    0.00792673022937
     6.88986169       -0.00719508875069   -0.00335309641292    0.00793804495356
     6.90281562       -0.00780003956386   -0.00153341160775    0.00794933760490
     6.91576947       -0.00795148258291    0.00038103822593    0.00796060709971
     6.92872322       -0.00763921855208    0.00227876499731    0.00797185235685
     6.94167686       -0.00688009839958    0.00404891212042    0.00798307229999
     6.95463038       -0.00571712535254    0.00558773337858    0.00799426585790
     6.96758377       -0.00421702540391    0.00680467763176    0.00800543196395
     6.98053701       -0.00246642298917    0.00762772214130    0.00801656955476
     6.99349010       -0.00056684085101    0.00800764001366    0.00802767756818
     7.00644301        0.00137118734960    0.00792094856985    0.00803875494053
     7.01939575        0.00323455020074    0.00737136179767    0.00804980060333
     7.03234829        0.00491416292366    0.00638965701058    0.00806081347961
     7.04530064        0.00631135721891    0.00503195825778    0.00807179248077
     7.05825278        0.00734368162821    0.00337653216905    0.00808273650103
     7.07120470        0.00794977186559    0.00151927851026    0.00809364441440
     7.08415639        0.00809300265579   -0.00043182467775    0.00810451507118
     7.09710786        0.00776370364893   -0.00236299965497    0.00811534729496
     7.11005908        0.00697980519247   -0.00416130614437    0.00812613988017
     7.12301005        0.00578587121631   -0.00572124977800    0.00813689159040
     7.13596076        0.00425057076789   -0.00695097495096    0.00814760115751
     7.14891121        0.00246273131356   -0.00777767828548    0.00815826728142
     7.16186138        0.00052620042865   -0.00815192336646    0.00816888863088
     7.17481127       -0.00144618698480   -0.00805060072248    0.00817946384477
     7.18776086       -0.00333918546609   -0.00747835555141    0.00818999153420
     7.20071015       -0.00504187627127   -0.00646739488217    0.00820047028510
     7.21365913       -0.00645417105022   -0.00507568053356    0.00821089866119
     7.22660777       -0.00749270026208   -0.00338360884504    0.00822127520727
     7.23955608       -0.00809573953019   -0.00148936716239    0.00823159845261
     7.25250403       -0.00822688245840    0.00049676478303    0.00824186691436
     7.26545163       -0.00787724102948    0.00245883778404    0.00825207910074
     7.27839885       -0.00706604037875    0.00428200607285    0.00826223351413
     7.29134568       -0.00583956849202    0.00585925431968    0.00827232865375
     7.30429211       -0.00426853770906    0.00709768434010    0.00828236301821
     7.31723813       -0.00244400834271    0.00792399171825    0.00829233510720
     7.33018374       -0.00047210931137    0.00828880924237    0.00830224342321
     7.34312891        0.00153213803256    0.00816965939216    0.00831208647301
     7.35607364        0.00345153317520    0.00757233904961    0.00832186276874
     7.36901791        0.00517355469531    0.00653065113841    0.00833157082890
     7.38196174        0.00659696182137    0.00510449461733    0.00834120917919
     7.39490509        0.00763775161813    0.00337642057869    0.00835077635340
     7.40784797        0.00823412092799    0.00144685243660    0.00836027089454
     7.42079037        0.00835013964302   -0.00057175286171    0.00836969135589
     7.43373229        0.00797791681771   -0.00256146298202    0.00837903630249
     7.44667372        0.00713812889748   -0.00440576498351    0.00838830431296
     7.45961466        0.00587887511785   -0.00599639329268    0.00839749398165
     7.47255509        0.00427292317807   -0.00723969039391    0.00840660392105
     7.48549503        0.00241350286533   -0.00806212619270    0.00841563276456
     7.49843446        0.00040889086227   -0.00841465046480    0.00842457916943
     7.51137339       -0.00162389853961   -0.00827562048802    0.00843344181985
     7.52431180       -0.00356594890815   -0.00765212893836    0.00844221943003
     7.53724970       -0.00530340368718   -0.00657965058264    0.00845091074730
     7.55018708       -0.00673414679311   -0.00512002475309    0.00845951455483
     7.56312395       -0.00777380942030   -0.00335788827383    0.00846802967417
     7.57606030       -0.00836074935386   -0.00139576468395    0.00847645496720
     7.58899613       -0.00845970861410    0.00065190510646    0.00848478933759
     7.60193144       -0.00806393218620    0.00266544286952    0.00849303173161
     7.61486623       -0.00719562043937    0.00452693353571    0.00850118113819
     7.62780049       -0.00590468535895    0.00612713620923    0.00850923658824
     7.64073423       -0.00426588018452    0.00737190027061    0.00851719715332
     7.65366745       -0.00237446762730    0.00818770936382    0.00852506194344
     7.66660015       -0.00034067790322    0.00852602651625    0.00853283010434
     7.67953234        0.00171672071335    0.00836618336810    0.00854050081414
     7.69246400        0.00367736342521    0.00771664143454    0.00854807327942
     7.70539516        0.00542633648384    0.00661454852828    0.00855554673114
     7.71832580        0.00686091776744    0.00512361332564    0.00856292042017
     7.73125594        0.00789661463669    0.00333041976947    0.00857019361283
     7.74418558        0.00847214389604    0.00133939471711    0.00857736558644
     7.75711472        0.00855306014048   -0.00073327841548    0.00858443562509
     7.77004337        0.00813381755499   -0.00276644496790    0.00859140301571
     7.78297153        0.00723814175457   -0.00464106669949    0.00859826704449
     7.79589922        0.00591768715744   -0.00624719683320    0.00860502699392
     7.80882643        0.00424905587625   -0.00749043346180    0.00861168214028
     7.82175318        0.00232935031142   -0.00829747224491    0.00861823175184
     7.83467947        0.00027051785704   -0.00862043157018    0.00862467508762
     7.84760532       -0.00180718265084   -0.00843969481669    0.00863101139684
     7.86053072       -0.00378221112888   -0.00776510092618    0.00863723991894
     7.87345568       -0.00553886179123   -0.00663541107582    0.00864335988418
     7.88638023       -0.00697404714415   -0.00511608021179    0.00864937051480
     7.89930436       -0.00800335236810   -0.00329546163910    0.00865527102654
     7.91222808       -0.00856600426315   -0.00127966488171    0.00866106063054
     7.92515141       -0.00862846203393    0.00081363368509    0.00866673853560
     7.93807435       -0.00818641760918    0.00286206613104    0.00867230395053
     7.95099691       -0.00726508614207    0.00474573219290    0.00867775608660
     7.96391911       -0.00591776741900    0.00635422323870    0.00868309416007
     7.97684095       -0.00422276024934    0.00759309917127    0.00868831739453
     7.98976245       -0.00227880857287    0.00838943800988    0.00869342502316
     8.00268362       -0.00019934432735    0.00869613177256    0.00869841629071
     8.01560446        0.00189413701042    0.00849467537539    0.00870329045520
     8.02852499        0.00387918103782    0.00779628330421    0.00870804678924
     8.04144522        0.00563954340876    0.00664126665253    0.00871268458107
     8.05436516        0.00707200313522    0.00509670502902    0.00871720313503
     8.06728482        0.00809242052511    0.00325254784892    0.00872160177173
     8.08020421        0.00864068391646    0.00121637174608    0.00872587982778
     8.09312335        0.00868425410698   -0.00089290010864    0.00873003665505
     8.10604224        0.00822009728594   -0.00295194980776    0.00873407161969
     8.11896090        0.00727489153210   -0.00484028091541    0.00873798410069
     8.13187933        0.00590349304209   -0.00644727645000    0.00874177348830
     8.14479755        0.00418575027131   -0.00767868485847    0.00874543918219
     8.15771557        0.00222185111797   -0.00846215332913    0.00874898058954
     8.17063339        0.00012647446698   -0.00875148328054    0.00875239712310
     8.18355103       -0.00197791223578   -0.00852935748060    0.00875568819936
     8.19646850       -0.00396821732878   -0.00780837763282    0.00875885323688
     8.20938580       -0.00572793172141   -0.00663035018439    0.00876189165493
     8.22230295       -0.00715395579559   -0.00506386076702    0.00876480287246
     8.23521996       -0.00816264601852   -0.00320027805611    0.00876758630753
     8.24813683       -0.00869472628915   -0.00114842003333    0.00877024137731
     8.26105358       -0.00871877532571    0.00097180574330    0.00877276749851
     8.27397021       -0.00823308468160    0.00303641588175    0.00877516408857
     8.28688674       -0.00726577735283    0.00492460829125    0.00877743056726
     8.29980316       -0.00587317886039    0.00652583753447    0.00877956635902
     8.31271950       -0.00413653515405    0.00774629358562    0.00878157089565
     8.32563576       -0.00215726868789    0.00851440389151    0.00878344361964
     8.33855195       -0.00005104986317    0.00878503566350    0.00878518398769
     8.35146808        0.00205896932485    0.00854215135297    0.00878679147458
     8.36438415        0.00404936326296    0.00779976083090    0.00878826557716
     8.37730017        0.00580366002434    0.00660111360023    0.00878960581831
     8.39021615        0.00721916434955    0.00501617756189    0.00879081175081
     8.40313210        0.00821297615707    0.00313755137674    0.00879188296091
     8.41604803        0.00872685143613    0.00107504941094    0.00879281907150
     8.42896393        0.00873062012557   -0.00105072376974    0.00879361974487
     8.44187983        0.00822396012768   -0.00311543302536    0.00879428468479
     8.45479572        0.00723642294728   -0.00499829269410    0.00879481363804
     8.46771161        0.00582570898975   -0.00658914033102    0.00879520639525
     8.48062751        0.00407429322910   -0.00779488937651    0.00879546279104
     8.49354342        0.00208459875529   -0.00854498233610    0.00879558270354
     8.50645936       -0.00002699906489   -0.00879552461471    0.00879556605327
     8.51937533       -0.00213698714947   -0.00853185632042    0.00879541280153
     8.53229136       -0.00412195056823   -0.00776940867580    0.00879512294732
     8.54520748       -0.00586578787168   -0.00655280242552    0.00879469652595
     8.55812368       -0.00726651507560   -0.00495323576518    0.00879413360653
     8.57103997       -0.00824223680014   -0.00306431381096    0.00879343428938
     8.58395636       -0.00873594008512   -0.00099656549602    0.00879259870338
     8.59687285       -0.00871882992808    0.00112903058092    0.00879162700343
     8.60978945       -0.00819201116124    0.00318813172525    0.00879051936824
     8.62270616       -0.00718641829708    0.00506031270107    0.00878927599824
     8.63562300       -0.00576099774582    0.00663611638369    0.00878789711394
     8.64853996       -0.00399924931355    0.00782346025447    0.00878638295461
     8.66145706       -0.00200433009511    0.00855302334891    0.00878473377725
     8.67437430        0.00010699185782    0.00878229815674    0.00878294985591
     8.68729169        0.00221117933263    0.00849807035948    0.00878103148131
     8.70020922        0.00418516191032    0.00771718156940    0.00877897896060
     8.71312692        0.00591354179269    0.00648553098166    0.00877679261735
     8.72604478        0.00729534713979    0.00487537515263    0.00877447279151
     8.73896281        0.00824993726386    0.00298108490421    0.00877201983945
     8.75188101        0.00872171393951    0.00091360877026    0.00876943413383
     8.76479940        0.00868336327026   -0.00120603186280    0.00876671606347
     8.77771797        0.00813743886786   -0.00325383412516    0.00876386603288
     8.79063674        0.00711619448445   -0.00511007559751    0.00876088446178
     8.80355570        0.00567967693733   -0.00666632106282    0.00875777178425
     8.81647487        0.00391219219195   -0.00783176356876    0.00875452844782
     8.82939425        0.00191735279572   -0.00853852859431    0.00875115491230
     8.84231384       -0.00018800209447   -0.00874563117093    0.00874765164862
     8.85523366       -0.00228065694611   -0.00844135501985    0.00874401913750
     8.86815370       -0.00423823830184   -0.00764391546921    0.00874025786825
     8.88107398       -0.00594637812564   -0.00640036865476    0.00873636833758
     8.89399450       -0.00730540229799   -0.00478383236541    0.00873235104859
     8.90691526       -0.00823615270937   -0.00288918283060    0.00872820650997
     8.91983628       -0.00868460253851   -0.00082748096123    0.00872393523549
     8.93275756       -0.00862499536630    0.00128054417962    0.00871953774374
     8.94567910       -0.00806132557190    0.00331157194900    0.00871501455820
     8.95860091       -0.00702707486729    0.00514691152829    0.00871036620761
     8.97152300       -0.00558322214994    0.00667944487605    0.00870559322664
     8.98444537       -0.00381464505807    0.00781988469828    0.00870069615683
     8.99736803       -0.00182512577154    0.00850198148362    0.00869567554764
     9.01029099        0.00026874480460    0.00868637565035    0.00869053195777
     9.02321426        0.00234440608222    0.00836287061096    0.00868526595643
     9.03613783        0.00428050850224    0.00755099537955    0.00867987812470
     9.04906172        0.00596401479736    0.00629882576597    0.00867436905677
     9.06198594        0.00729680584348    0.00468013531774    0.00866873936105
     9.07491048        0.00820140468519    0.00279004499218    0.00866298966112
     9.08783536        0.00862548449454    0.00073942833047    0.00865712059645
     9.10076059        0.00854489793268   -0.00135159847556    0.00865113282288
     9.11368616        0.00796505239707   -0.00336071902489    0.00864502701282
     9.12661209        0.00692055283181   -0.00517057835757    0.00863880385526
     9.13953838        0.00547313542465   -0.00667564411071    0.00863246405550
     9.15246505        0.00370801565611   -0.00778836566198    0.00862600833472
     9.16539209        0.00172886692403   -0.00844427147593    0.00861943742945
     9.17831951       -0.00034827409310   -0.00860570762546    0.00861275209088
     9.19124733       -0.00240181671583   -0.00826400054152    0.00860595308416
     9.20417555       -0.00431174023693   -0.00743991972258    0.00859904118779
     9.21710417       -0.00596661482013   -0.00618241595437    0.00859201719299
     9.23003321       -0.00727010826055   -0.00456571168301    0.00858488190323
     9.24296267       -0.00814659833112   -0.00268491662382    0.00857763613389
     9.25589256       -0.00854556347694   -0.00065042781721    0.00857028071208
     9.26882289       -0.00844449674432    0.00141855586702    0.00856281647665
     9.28175366       -0.00785017478812    0.00340102344270    0.00855524427832
     9.29468489       -0.00679821047045    0.00518123551745    0.00854756498003
     9.30761657       -0.00535091825183    0.00665548698757    0.00853977945731
     9.32054872       -0.00359362037527    0.00773815324617    0.00853188859883
     9.33348135       -0.00162961296455    0.00836666711981    0.00852389330694
     9.34641446        0.00042591072985    0.00850513703516    0.00851579449826
     9.35934806        0.00245262215630    0.00814639705550    0.00850759310425
     9.37228216        0.00433210711302    0.00731237168659    0.00849929007162
     9.38521676        0.00595478987086    0.00605273729978    0.00849088636282
     9.39815188        0.00722632656340    0.00444196184316    0.00848238295628
     9.41108752        0.00807309452173    0.00257489935320    0.00847378084659
     9.42402368        0.00844645792924    0.00056120008954    0.00846508104456
     9.43696038        0.00832556249367   -0.00148113402959    0.00845628457715
     9.44989763        0.00771849850174   -0.00343266961893    0.00844739248727
     9.46283542        0.00666176752543   -0.00517953148936    0.00843840583358
     9.47577377        0.00521808754402   -0.00662005241461    0.00842932569007
     9.48871268        0.00347266849358   -0.00767069439698    0.00842015314577
     9.50165217        0.00152817956199   -0.00827089633081    0.00841088930427
     9.51459223       -0.00050129430996   -0.00838656658786    0.00840153528338
     9.52753288       -0.00249695071287   -0.00801201902625    0.00839209221467
     9.54047412       -0.00434222927069   -0.00717024253114    0.00838256124312
     9.55341596       -0.00592962437518   -0.00591149203427    0.00837294352674
     9.56635841       -0.00716695268517   -0.00431028728247    0.00836324023623
     9.57930148       -0.00798270976059   -0.00246099867140    0.00835345255463
     9.59224516       -0.00833020438631   -0.00047228178258    0.00834358167695
     9.60518947       -0.00819023143750    0.00153931093031    0.00833362880983
     9.61813442       -0.00757213027777    0.00345616545163    0.00832359517111
     9.63108000       -0.00651317057746    0.00516648737695    0.00831348198935
     9.64402623       -0.00507630551082    0.00657082609285    0.00830329050327
     9.65697312       -0.00334642778410    0.00758786098540    0.00829302196114
     9.66992066       -0.00142535127192    0.00815911283833    0.00828267762001
     9.68286888        0.00057418489938    0.00825230734063    0.00827225874492
     9.69581776        0.00253513649200    0.00786319721560    0.00826176660797
     9.70876732        0.00434300953564    0.00701574020760    0.00825120248735
     9.72171756        0.00589254917627    0.00576062667316    0.00824056766627
     9.73466850        0.00709387100302    0.00417224715238    0.00822986343192
     9.74762012        0.00787767750611    0.00234428138214    0.00821909107438
     9.76057245        0.00819925680135    0.00038417043469    0.00820825188560
     9.77352549        0.00804103282833   -0.00159320164723    0.00819734715838
     9.78647924        0.00741352162354   -0.00347224494147    0.00818637818552
     9.79943371        0.00635464194750   -0.00514342416813    0.00817534625898
     9.81238890        0.00492742499814   -0.00650964703620    0.00816425266930
     9.82534482        0.00321626151499   -0.00749190765836    0.00815309870504
     9.83830148        0.00132190979951   -0.00803385688572    0.00814188565249
     9.85125887       -0.00064443992212   -0.00810503511027    0.00813061479545
     9.86421701       -0.00256769495811   -0.00770258208219    0.00811928741521
     9.87717590       -0.00433559981628   -0.00685132792441    0.00810790479069
     9.89013555       -0.00584529122790   -0.00560226452003    0.00809646819862
     9.90309595       -0.00700928559334   -0.00402949122220    0.00808497891394
     9.91605712       -0.00776055020335   -0.00222581784390    0.00807343821014
     9.92901906       -0.00805636418789   -0.00029728593067    0.00806184735978
     9.94198178       -0.00788074679689    0.00164306813272    0.00805020763493
     9.95494527       -0.00724531507925    0.00348184119958    0.00803852030766
     9.96790955       -0.00618852531629    0.00511189381171    0.00802678665050
     9.98087461       -0.00477334725951    0.00643859520140    0.00801500793683
     9.99384047       -0.00308351176713    0.00738531870598    0.00800318544124
    10.00000000       -0.00221287435611    0.00768531495922    0.00799755455989
