#    Start: ------ Host: "oz-computron" ----------Mon Feb 17 21:26:41 2025

#    Time[fs]   CPU-time[s]     Delta-CPU    Real time        RealT[s]     [h]
#        0.00           0.1                  Feb 17 21:26:41         0     0.00
         0.10           0.3         0.190    Feb 17 21:26:41         0     0.00
         0.20           0.3         0.070    Feb 17 21:26:41         0     0.00
         0.30           0.4         0.070    Feb 17 21:26:41         0     0.00
         0.40           0.5         0.090    Feb 17 21:26:41         0     0.00
         0.50           0.6         0.090    Feb 17 21:26:41         0     0.00
         0.60           0.6         0.050    Feb 17 21:26:41         0     0.00
         0.70           0.7         0.050    Feb 17 21:26:41         0     0.00
         0.80           0.7         0.050    Feb 17 21:26:42         1     0.00
         0.90           0.8         0.060    Feb 17 21:26:42         1     0.00
         1.00           0.8         0.050    Feb 17 21:26:42         1     0.00
         1.10           0.9         0.060    Feb 17 21:26:42         1     0.00
         1.20           1.0         0.050    Feb 17 21:26:42         1     0.00
         1.30           1.0         0.050    Feb 17 21:26:42         1     0.00
         1.40           1.1         0.050    Feb 17 21:26:42         1     0.00
         1.50           1.1         0.050    Feb 17 21:26:42         1     0.00
         1.60           1.2         0.060    Feb 17 21:26:42         1     0.00
         1.70           1.2         0.050    Feb 17 21:26:42         1     0.00
         1.80           1.3         0.060    Feb 17 21:26:42         1     0.00
         1.90           1.3         0.060    Feb 17 21:26:42         1     0.00
         2.00           1.4         0.050    Feb 17 21:26:42         1     0.00
         2.10           1.4         0.060    Feb 17 21:26:42         1     0.00
         2.20           1.5         0.050    Feb 17 21:26:42         1     0.00
         2.30           1.6         0.060    Feb 17 21:26:42         1     0.00
         2.40           1.6         0.050    Feb 17 21:26:42         1     0.00
         2.50           1.7         0.050    Feb 17 21:26:42         1     0.00
         2.60           1.7         0.060    Feb 17 21:26:42         1     0.00
         2.70           1.8         0.050    Feb 17 21:26:43         2     0.00
         2.80           1.8         0.070    Feb 17 21:26:43         2     0.00
         2.90           1.9         0.050    Feb 17 21:26:43         2     0.00
         3.00           1.9         0.060    Feb 17 21:26:43         2     0.00
         3.10           2.0         0.050    Feb 17 21:26:43         2     0.00
         3.20           2.0         0.050    Feb 17 21:26:43         2     0.00
         3.30           2.1         0.040    Feb 17 21:26:43         2     0.00
         3.40           2.1         0.050    Feb 17 21:26:43         2     0.00
         3.50           2.2         0.040    Feb 17 21:26:43         2     0.00
         3.60           2.2         0.060    Feb 17 21:26:43         2     0.00
         3.70           2.3         0.040    Feb 17 21:26:43         2     0.00
         3.80           2.3         0.060    Feb 17 21:26:43         2     0.00
         3.90           2.4         0.050    Feb 17 21:26:43         2     0.00
         4.00           2.4         0.050    Feb 17 21:26:43         2     0.00
         4.10           2.5         0.050    Feb 17 21:26:43         2     0.00
         4.20           2.5         0.050    Feb 17 21:26:43         2     0.00
         4.30           2.6         0.050    Feb 17 21:26:43         2     0.00
         4.40           2.6         0.050    Feb 17 21:26:43         2     0.00
         4.50           2.7         0.070    Feb 17 21:26:43         2     0.00
         4.60           2.8         0.050    Feb 17 21:26:44         3     0.00
         4.70           2.8         0.050    Feb 17 21:26:44         3     0.00
         4.80           2.9         0.050    Feb 17 21:26:44         3     0.00
         4.90           2.9         0.050    Feb 17 21:26:44         3     0.00
         5.00           3.0         0.050    Feb 17 21:26:44         3     0.00
         5.10           3.0         0.050    Feb 17 21:26:44         3     0.00
         5.20           3.1         0.050    Feb 17 21:26:44         3     0.00
         5.30           3.1         0.050    Feb 17 21:26:44         3     0.00
         5.40           3.2         0.060    Feb 17 21:26:44         3     0.00
         5.50           3.2         0.060    Feb 17 21:26:44         3     0.00
         5.60           3.3         0.050    Feb 17 21:26:44         3     0.00
         5.70           3.3         0.050    Feb 17 21:26:44         3     0.00
         5.80           3.4         0.050    Feb 17 21:26:44         3     0.00
         5.90           3.4         0.050    Feb 17 21:26:44         3     0.00
         6.00           3.5         0.050    Feb 17 21:26:44         3     0.00
         6.10           3.5         0.050    Feb 17 21:26:44         3     0.00
         6.20           3.6         0.050    Feb 17 21:26:44         3     0.00
         6.30           3.6         0.060    Feb 17 21:26:44         3     0.00
         6.40           3.7         0.060    Feb 17 21:26:44         3     0.00
         6.50           3.8         0.060    Feb 17 21:26:45         4     0.00
         6.60           3.8         0.050    Feb 17 21:26:45         4     0.00
         6.70           3.9         0.060    Feb 17 21:26:45         4     0.00
         6.80           3.9         0.050    Feb 17 21:26:45         4     0.00
         6.90           4.0         0.050    Feb 17 21:26:45         4     0.00
         7.00           4.0         0.050    Feb 17 21:26:45         4     0.00
         7.10           4.1         0.050    Feb 17 21:26:45         4     0.00
         7.20           4.1         0.060    Feb 17 21:26:45         4     0.00
         7.30           4.2         0.050    Feb 17 21:26:45         4     0.00
         7.40           4.2         0.050    Feb 17 21:26:45         4     0.00
         7.50           4.3         0.050    Feb 17 21:26:45         4     0.00
         7.60           4.3         0.060    Feb 17 21:26:45         4     0.00
         7.70           4.4         0.050    Feb 17 21:26:45         4     0.00
         7.80           4.4         0.050    Feb 17 21:26:45         4     0.00
         7.90           4.5         0.050    Feb 17 21:26:45         4     0.00
         8.00           4.5         0.050    Feb 17 21:26:45         4     0.00
         8.10           4.6         0.050    Feb 17 21:26:45         4     0.00
         8.20           4.6         0.050    Feb 17 21:26:45         4     0.00
         8.30           4.7         0.060    Feb 17 21:26:45         4     0.00
         8.40           4.7         0.050    Feb 17 21:26:46         5     0.00
         8.50           4.8         0.050    Feb 17 21:26:46         5     0.00
         8.60           4.9         0.060    Feb 17 21:26:46         5     0.00
         8.70           4.9         0.050    Feb 17 21:26:46         5     0.00
         8.80           5.0         0.050    Feb 17 21:26:46         5     0.00
         8.90           5.0         0.050    Feb 17 21:26:46         5     0.00
         9.00           5.1         0.060    Feb 17 21:26:46         5     0.00
         9.10           5.1         0.050    Feb 17 21:26:46         5     0.00
         9.20           5.2         0.050    Feb 17 21:26:46         5     0.00
         9.30           5.2         0.050    Feb 17 21:26:46         5     0.00
         9.40           5.3         0.060    Feb 17 21:26:46         5     0.00
         9.50           5.3         0.050    Feb 17 21:26:46         5     0.00
         9.60           5.4         0.050    Feb 17 21:26:46         5     0.00
         9.70           5.4         0.050    Feb 17 21:26:46         5     0.00
         9.80           5.5         0.050    Feb 17 21:26:46         5     0.00
         9.90           5.5         0.050    Feb 17 21:26:46         5     0.00
        10.00           5.6         0.050    Feb 17 21:26:46         5     0.00
        10.10           5.6         0.050    Feb 17 21:26:46         5     0.00
        10.20           5.7         0.060    Feb 17 21:26:46         5     0.00
        10.30           5.7         0.050    Feb 17 21:26:47         6     0.00
        10.40           5.8         0.060    Feb 17 21:26:47         6     0.00
        10.50           5.8         0.050    Feb 17 21:26:47         6     0.00
        10.60           5.9         0.050    Feb 17 21:26:47         6     0.00
        10.70           5.9         0.050    Feb 17 21:26:47         6     0.00
        10.80           6.0         0.050    Feb 17 21:26:47         6     0.00
        10.90           6.0         0.050    Feb 17 21:26:47         6     0.00
        11.00           6.1         0.050    Feb 17 21:26:47         6     0.00
        11.10           6.2         0.060    Feb 17 21:26:47         6     0.00
        11.20           6.2         0.050    Feb 17 21:26:47         6     0.00
        11.30           6.2         0.050    Feb 17 21:26:47         6     0.00
        11.40           6.3         0.050    Feb 17 21:26:47         6     0.00
        11.50           6.4         0.060    Feb 17 21:26:47         6     0.00
        11.60           6.4         0.050    Feb 17 21:26:47         6     0.00
        11.70           6.5         0.050    Feb 17 21:26:47         6     0.00
        11.80           6.5         0.040    Feb 17 21:26:47         6     0.00
        11.90           6.6         0.060    Feb 17 21:26:47         6     0.00
        12.00           6.6         0.050    Feb 17 21:26:47         6     0.00
        12.10           6.7         0.050    Feb 17 21:26:47         6     0.00
        12.20           6.7         0.070    Feb 17 21:26:48         7     0.00
        12.30           6.8         0.050    Feb 17 21:26:48         7     0.00
        12.40           6.8         0.050    Feb 17 21:26:48         7     0.00
        12.50           6.9         0.060    Feb 17 21:26:48         7     0.00
        12.60           6.9         0.050    Feb 17 21:26:48         7     0.00
        12.70           7.0         0.050    Feb 17 21:26:48         7     0.00
        12.80           7.0         0.050    Feb 17 21:26:48         7     0.00
        12.90           7.1         0.060    Feb 17 21:26:48         7     0.00
        13.00           7.2         0.060    Feb 17 21:26:48         7     0.00
        13.10           7.2         0.060    Feb 17 21:26:48         7     0.00
        13.20           7.3         0.050    Feb 17 21:26:48         7     0.00
        13.30           7.3         0.060    Feb 17 21:26:48         7     0.00
        13.40           7.4         0.050    Feb 17 21:26:48         7     0.00
        13.50           7.4         0.050    Feb 17 21:26:48         7     0.00
        13.60           7.5         0.060    Feb 17 21:26:48         7     0.00
        13.70           7.5         0.050    Feb 17 21:26:48         7     0.00
        13.80           7.6         0.050    Feb 17 21:26:48         7     0.00
        13.90           7.6         0.050    Feb 17 21:26:48         7     0.00
        14.00           7.7         0.060    Feb 17 21:26:48         7     0.00
        14.10           7.8         0.050    Feb 17 21:26:49         8     0.00
        14.20           7.8         0.050    Feb 17 21:26:49         8     0.00
        14.30           7.9         0.050    Feb 17 21:26:49         8     0.00
        14.40           7.9         0.060    Feb 17 21:26:49         8     0.00
        14.50           8.0         0.050    Feb 17 21:26:49         8     0.00
        14.60           8.0         0.050    Feb 17 21:26:49         8     0.00
        14.70           8.1         0.050    Feb 17 21:26:49         8     0.00
        14.80           8.1         0.050    Feb 17 21:26:49         8     0.00
        14.90           8.2         0.050    Feb 17 21:26:49         8     0.00
        15.00           8.2         0.060    Feb 17 21:26:49         8     0.00
        15.10           8.3         0.050    Feb 17 21:26:49         8     0.00
        15.20           8.3         0.050    Feb 17 21:26:49         8     0.00
        15.30           8.4         0.060    Feb 17 21:26:49         8     0.00
        15.40           8.4         0.050    Feb 17 21:26:49         8     0.00
        15.50           8.5         0.060    Feb 17 21:26:49         8     0.00
        15.60           8.5         0.050    Feb 17 21:26:49         8     0.00
        15.70           8.6         0.070    Feb 17 21:26:49         8     0.00
        15.80           8.7         0.050    Feb 17 21:26:49         8     0.00
        15.90           8.7         0.050    Feb 17 21:26:50         9     0.00
        16.00           8.8         0.060    Feb 17 21:26:50         9     0.00
        16.10           8.8         0.050    Feb 17 21:26:50         9     0.00
        16.20           8.9         0.070    Feb 17 21:26:50         9     0.00
        16.30           8.9         0.050    Feb 17 21:26:50         9     0.00
        16.40           9.0         0.060    Feb 17 21:26:50         9     0.00
        16.50           9.1         0.060    Feb 17 21:26:50         9     0.00
        16.60           9.1         0.050    Feb 17 21:26:50         9     0.00
        16.70           9.2         0.060    Feb 17 21:26:50         9     0.00
        16.80           9.2         0.050    Feb 17 21:26:50         9     0.00
        16.90           9.3         0.050    Feb 17 21:26:50         9     0.00
        17.00           9.3         0.060    Feb 17 21:26:50         9     0.00
        17.10           9.4         0.040    Feb 17 21:26:50         9     0.00
        17.20           9.4         0.060    Feb 17 21:26:50         9     0.00
        17.30           9.5         0.050    Feb 17 21:26:50         9     0.00
        17.40           9.5         0.050    Feb 17 21:26:50         9     0.00
        17.50           9.6         0.060    Feb 17 21:26:50         9     0.00
        17.60           9.6         0.050    Feb 17 21:26:50         9     0.00
        17.70           9.7         0.050    Feb 17 21:26:50         9     0.00
        17.80           9.7         0.050    Feb 17 21:26:51        10     0.00
        17.90           9.8         0.050    Feb 17 21:26:51        10     0.00
        18.00           9.8         0.050    Feb 17 21:26:51        10     0.00
        18.10           9.9         0.050    Feb 17 21:26:51        10     0.00
        18.20          10.0         0.070    Feb 17 21:26:51        10     0.00
        18.30          10.0         0.050    Feb 17 21:26:51        10     0.00
        18.40          10.1         0.050    Feb 17 21:26:51        10     0.00
        18.50          10.1         0.050    Feb 17 21:26:51        10     0.00
        18.60          10.2         0.060    Feb 17 21:26:51        10     0.00
        18.70          10.2         0.050    Feb 17 21:26:51        10     0.00
        18.80          10.3         0.060    Feb 17 21:26:51        10     0.00
        18.90          10.3         0.050    Feb 17 21:26:51        10     0.00
        19.00          10.4         0.050    Feb 17 21:26:51        10     0.00
        19.10          10.4         0.060    Feb 17 21:26:51        10     0.00
        19.20          10.5         0.050    Feb 17 21:26:51        10     0.00
        19.30          10.5         0.060    Feb 17 21:26:51        10     0.00
        19.40          10.6         0.050    Feb 17 21:26:51        10     0.00
        19.50          10.7         0.070    Feb 17 21:26:51        10     0.00
        19.60          10.7         0.070    Feb 17 21:26:52        11     0.00
        19.70          10.8         0.070    Feb 17 21:26:52        11     0.00
        19.80          10.9         0.060    Feb 17 21:26:52        11     0.00
        19.90          10.9         0.060    Feb 17 21:26:52        11     0.00
        20.00          11.0         0.060    Feb 17 21:26:52        11     0.00
        20.10          11.0         0.050    Feb 17 21:26:52        11     0.00
        20.20          11.1         0.060    Feb 17 21:26:52        11     0.00
        20.30          11.2         0.060    Feb 17 21:26:52        11     0.00
        20.40          11.2         0.050    Feb 17 21:26:52        11     0.00
        20.50          11.3         0.050    Feb 17 21:26:52        11     0.00
        20.60          11.3         0.070    Feb 17 21:26:52        11     0.00
        20.70          11.4         0.050    Feb 17 21:26:52        11     0.00
        20.80          11.4         0.060    Feb 17 21:26:52        11     0.00
        20.90          11.5         0.050    Feb 17 21:26:52        11     0.00
        21.00          11.5         0.060    Feb 17 21:26:52        11     0.00
        21.10          11.6         0.060    Feb 17 21:26:52        11     0.00
        21.20          11.7         0.060    Feb 17 21:26:52        11     0.00
        21.30          11.7         0.050    Feb 17 21:26:53        12     0.00
        21.40          11.8         0.060    Feb 17 21:26:53        12     0.00
        21.50          11.8         0.050    Feb 17 21:26:53        12     0.00
        21.60          11.9         0.060    Feb 17 21:26:53        12     0.00
        21.70          12.0         0.060    Feb 17 21:26:53        12     0.00
        21.80          12.0         0.060    Feb 17 21:26:53        12     0.00
        21.90          12.1         0.050    Feb 17 21:26:53        12     0.00
        22.00          12.1         0.050    Feb 17 21:26:53        12     0.00
        22.10          12.2         0.050    Feb 17 21:26:53        12     0.00
        22.20          12.2         0.070    Feb 17 21:26:53        12     0.00
        22.30          12.3         0.050    Feb 17 21:26:53        12     0.00
        22.40          12.3         0.060    Feb 17 21:26:53        12     0.00
        22.50          12.4         0.050    Feb 17 21:26:53        12     0.00
        22.60          12.5         0.060    Feb 17 21:26:53        12     0.00
        22.70          12.5         0.070    Feb 17 21:26:53        12     0.00
        22.80          12.6         0.050    Feb 17 21:26:53        12     0.00
        22.90          12.6         0.060    Feb 17 21:26:53        12     0.00
        23.00          12.7         0.050    Feb 17 21:26:53        12     0.00
        23.10          12.7         0.060    Feb 17 21:26:54        13     0.00
        23.20          12.8         0.060    Feb 17 21:26:54        13     0.00
        23.30          12.8         0.050    Feb 17 21:26:54        13     0.00
        23.40          12.9         0.050    Feb 17 21:26:54        13     0.00
        23.50          12.9         0.050    Feb 17 21:26:54        13     0.00
        23.60          13.0         0.050    Feb 17 21:26:54        13     0.00
        23.70          13.1         0.060    Feb 17 21:26:54        13     0.00
        23.80          13.1         0.050    Feb 17 21:26:54        13     0.00
        23.90          13.2         0.050    Feb 17 21:26:54        13     0.00
        24.00          13.2         0.050    Feb 17 21:26:54        13     0.00
        24.10          13.3         0.060    Feb 17 21:26:54        13     0.00
        24.20          13.3         0.060    Feb 17 21:26:54        13     0.00
        24.30          13.4         0.070    Feb 17 21:26:54        13     0.00
        24.40          13.5         0.060    Feb 17 21:26:54        13     0.00
        24.50          13.5         0.050    Feb 17 21:26:54        13     0.00
        24.60          13.6         0.060    Feb 17 21:26:54        13     0.00
        24.70          13.6         0.050    Feb 17 21:26:54        13     0.00
        24.80          13.7         0.060    Feb 17 21:26:54        13     0.00
        24.90          13.7         0.060    Feb 17 21:26:55        14     0.00
        25.00          13.8         0.070    Feb 17 21:26:55        14     0.00
        25.10          13.9         0.090    Feb 17 21:26:55        14     0.00
        25.20          14.0         0.080    Feb 17 21:26:55        14     0.00
        25.30          14.1         0.080    Feb 17 21:26:55        14     0.00
        25.40          14.1         0.070    Feb 17 21:26:55        14     0.00
        25.50          14.2         0.060    Feb 17 21:26:55        14     0.00
        25.60          14.2         0.050    Feb 17 21:26:55        14     0.00
        25.70          14.3         0.060    Feb 17 21:26:55        14     0.00
        25.80          14.3         0.050    Feb 17 21:26:55        14     0.00
        25.90          14.4         0.060    Feb 17 21:26:55        14     0.00
        26.00          14.5         0.060    Feb 17 21:26:55        14     0.00
        26.10          14.5         0.050    Feb 17 21:26:55        14     0.00
        26.20          14.6         0.060    Feb 17 21:26:55        14     0.00
        26.30          14.6         0.070    Feb 17 21:26:55        14     0.00
        26.40          14.7         0.080    Feb 17 21:26:56        15     0.00
        26.50          14.8         0.060    Feb 17 21:26:56        15     0.00
        26.60          14.8         0.050    Feb 17 21:26:56        15     0.00
        26.70          14.9         0.050    Feb 17 21:26:56        15     0.00
        26.80          14.9         0.060    Feb 17 21:26:56        15     0.00
        26.90          15.0         0.050    Feb 17 21:26:56        15     0.00
        27.00          15.0         0.050    Feb 17 21:26:56        15     0.00
        27.10          15.1         0.060    Feb 17 21:26:56        15     0.00
        27.20          15.2         0.060    Feb 17 21:26:56        15     0.00
        27.30          15.2         0.050    Feb 17 21:26:56        15     0.00
        27.40          15.3         0.060    Feb 17 21:26:56        15     0.00
        27.50          15.3         0.050    Feb 17 21:26:56        15     0.00
        27.60          15.4         0.050    Feb 17 21:26:56        15     0.00
        27.70          15.4         0.060    Feb 17 21:26:56        15     0.00
        27.80          15.5         0.060    Feb 17 21:26:56        15     0.00
        27.90          15.6         0.050    Feb 17 21:26:56        15     0.00
        28.00          15.6         0.050    Feb 17 21:26:56        15     0.00
        28.10          15.7         0.050    Feb 17 21:26:56        15     0.00
        28.20          15.7         0.050    Feb 17 21:26:57        16     0.00
        28.30          15.8         0.060    Feb 17 21:26:57        16     0.00
        28.40          15.8         0.050    Feb 17 21:26:57        16     0.00
        28.50          15.9         0.050    Feb 17 21:26:57        16     0.00
        28.60          15.9         0.060    Feb 17 21:26:57        16     0.00
        28.70          16.0         0.050    Feb 17 21:26:57        16     0.00
        28.80          16.0         0.050    Feb 17 21:26:57        16     0.00
        28.90          16.1         0.050    Feb 17 21:26:57        16     0.00
        29.00          16.1         0.050    Feb 17 21:26:57        16     0.00
        29.10          16.2         0.050    Feb 17 21:26:57        16     0.00
        29.20          16.2         0.060    Feb 17 21:26:57        16     0.00
        29.30          16.3         0.060    Feb 17 21:26:57        16     0.00
        29.40          16.3         0.050    Feb 17 21:26:57        16     0.00
        29.50          16.4         0.050    Feb 17 21:26:57        16     0.00
        29.60          16.4         0.060    Feb 17 21:26:57        16     0.00
        29.70          16.5         0.050    Feb 17 21:26:57        16     0.00
        29.80          16.6         0.050    Feb 17 21:26:57        16     0.00
        29.90          16.6         0.050    Feb 17 21:26:57        16     0.00
        30.00          16.6         0.050    Feb 17 21:26:57        16     0.00
        30.10          16.7         0.050    Feb 17 21:26:58        17     0.00
        30.20          16.8         0.050    Feb 17 21:26:58        17     0.00
        30.30          16.8         0.060    Feb 17 21:26:58        17     0.00
        30.40          16.9         0.060    Feb 17 21:26:58        17     0.00
        30.50          16.9         0.050    Feb 17 21:26:58        17     0.00
        30.60          17.0         0.060    Feb 17 21:26:58        17     0.00
        30.70          17.0         0.050    Feb 17 21:26:58        17     0.00
        30.80          17.1         0.050    Feb 17 21:26:58        17     0.00
        30.90          17.1         0.050    Feb 17 21:26:58        17     0.00
        31.00          17.2         0.060    Feb 17 21:26:58        17     0.00
        31.10          17.2         0.060    Feb 17 21:26:58        17     0.00
        31.20          17.3         0.060    Feb 17 21:26:58        17     0.00
        31.30          17.4         0.050    Feb 17 21:26:58        17     0.00
        31.40          17.4         0.050    Feb 17 21:26:58        17     0.00
        31.50          17.5         0.050    Feb 17 21:26:58        17     0.00
        31.60          17.5         0.070    Feb 17 21:26:58        17     0.00
        31.70          17.6         0.070    Feb 17 21:26:58        17     0.00
        31.80          17.7         0.060    Feb 17 21:26:58        17     0.00
        31.90          17.7         0.060    Feb 17 21:26:59        18     0.01
        32.00          17.8         0.050    Feb 17 21:26:59        18     0.01
        32.10          17.8         0.060    Feb 17 21:26:59        18     0.01
        32.20          17.9         0.060    Feb 17 21:26:59        18     0.01
        32.30          17.9         0.050    Feb 17 21:26:59        18     0.01
        32.40          18.0         0.060    Feb 17 21:26:59        18     0.01
        32.50          18.1         0.060    Feb 17 21:26:59        18     0.01
        32.60          18.1         0.060    Feb 17 21:26:59        18     0.01
        32.70          18.2         0.050    Feb 17 21:26:59        18     0.01
        32.80          18.2         0.050    Feb 17 21:26:59        18     0.01
        32.90          18.3         0.060    Feb 17 21:26:59        18     0.01
        33.00          18.3         0.050    Feb 17 21:26:59        18     0.01
        33.10          18.4         0.050    Feb 17 21:26:59        18     0.01
        33.20          18.4         0.050    Feb 17 21:26:59        18     0.01
        33.30          18.5         0.060    Feb 17 21:26:59        18     0.01
        33.40          18.5         0.050    Feb 17 21:26:59        18     0.01
        33.50          18.6         0.050    Feb 17 21:26:59        18     0.01
        33.60          18.7         0.060    Feb 17 21:26:59        18     0.01
        33.70          18.7         0.050    Feb 17 21:27:00        19     0.01
        33.80          18.8         0.050    Feb 17 21:27:00        19     0.01
        33.90          18.8         0.070    Feb 17 21:27:00        19     0.01
        34.00          18.9         0.070    Feb 17 21:27:00        19     0.01
        34.10          19.0         0.090    Feb 17 21:27:00        19     0.01
        34.20          19.0         0.070    Feb 17 21:27:00        19     0.01
        34.30          19.1         0.060    Feb 17 21:27:00        19     0.01
        34.40          19.2         0.050    Feb 17 21:27:00        19     0.01
        34.50          19.2         0.090    Feb 17 21:27:00        19     0.01
        34.60          19.3         0.050    Feb 17 21:27:00        19     0.01
        34.70          19.3         0.050    Feb 17 21:27:00        19     0.01
        34.80          19.4         0.070    Feb 17 21:27:00        19     0.01
        34.90          19.5         0.060    Feb 17 21:27:00        19     0.01
        35.00          19.5         0.050    Feb 17 21:27:00        19     0.01
        35.10          19.6         0.060    Feb 17 21:27:00        19     0.01
        35.20          19.6         0.050    Feb 17 21:27:00        19     0.01
        35.30          19.7         0.050    Feb 17 21:27:01        20     0.01
        35.40          19.8         0.060    Feb 17 21:27:01        20     0.01
        35.50          19.8         0.060    Feb 17 21:27:01        20     0.01
        35.60          19.9         0.050    Feb 17 21:27:01        20     0.01
        35.70          19.9         0.060    Feb 17 21:27:01        20     0.01
        35.80          20.0         0.060    Feb 17 21:27:01        20     0.01
        35.90          20.0         0.060    Feb 17 21:27:01        20     0.01
        36.00          20.1         0.060    Feb 17 21:27:01        20     0.01
        36.10          20.2         0.060    Feb 17 21:27:01        20     0.01
        36.20          20.2         0.050    Feb 17 21:27:01        20     0.01
        36.30          20.3         0.060    Feb 17 21:27:01        20     0.01
        36.40          20.3         0.060    Feb 17 21:27:01        20     0.01
        36.50          20.4         0.050    Feb 17 21:27:01        20     0.01
        36.60          20.4         0.060    Feb 17 21:27:01        20     0.01
        36.70          20.5         0.060    Feb 17 21:27:01        20     0.01
        36.80          20.6         0.060    Feb 17 21:27:01        20     0.01
        36.90          20.6         0.050    Feb 17 21:27:01        20     0.01
        37.00          20.7         0.060    Feb 17 21:27:02        21     0.01
        37.10          20.8         0.090    Feb 17 21:27:02        21     0.01
        37.20          20.8         0.070    Feb 17 21:27:02        21     0.01
        37.30          20.9         0.050    Feb 17 21:27:02        21     0.01
        37.40          20.9         0.050    Feb 17 21:27:02        21     0.01
        37.50          21.0         0.060    Feb 17 21:27:02        21     0.01
        37.60          21.1         0.060    Feb 17 21:27:02        21     0.01
        37.70          21.1         0.060    Feb 17 21:27:02        21     0.01
        37.80          21.2         0.050    Feb 17 21:27:02        21     0.01
        37.90          21.2         0.060    Feb 17 21:27:02        21     0.01
        38.00          21.3         0.060    Feb 17 21:27:02        21     0.01
        38.10          21.3         0.070    Feb 17 21:27:02        21     0.01
        38.20          21.4         0.060    Feb 17 21:27:02        21     0.01
        38.30          21.5         0.060    Feb 17 21:27:02        21     0.01
        38.40          21.5         0.050    Feb 17 21:27:02        21     0.01
        38.50          21.6         0.050    Feb 17 21:27:02        21     0.01
        38.60          21.6         0.050    Feb 17 21:27:02        21     0.01
        38.70          21.7         0.060    Feb 17 21:27:03        22     0.01
        38.80          21.7         0.050    Feb 17 21:27:03        22     0.01
        38.90          21.8         0.060    Feb 17 21:27:03        22     0.01
        39.00          21.9         0.070    Feb 17 21:27:03        22     0.01
        39.10          21.9         0.050    Feb 17 21:27:03        22     0.01
        39.20          22.0         0.050    Feb 17 21:27:03        22     0.01
        39.30          22.0         0.060    Feb 17 21:27:03        22     0.01
        39.40          22.1         0.050    Feb 17 21:27:03        22     0.01
        39.50          22.1         0.050    Feb 17 21:27:03        22     0.01
        39.60          22.2         0.060    Feb 17 21:27:03        22     0.01
        39.70          22.2         0.050    Feb 17 21:27:03        22     0.01
        39.80          22.3         0.060    Feb 17 21:27:03        22     0.01
        39.90          22.3         0.050    Feb 17 21:27:03        22     0.01
        40.00          22.4         0.060    Feb 17 21:27:03        22     0.01
        40.10          22.4         0.050    Feb 17 21:27:03        22     0.01
        40.20          22.5         0.060    Feb 17 21:27:03        22     0.01
        40.30          22.6         0.050    Feb 17 21:27:03        22     0.01
        40.40          22.6         0.050    Feb 17 21:27:03        22     0.01
        40.50          22.7         0.070    Feb 17 21:27:04        23     0.01
        40.60          22.7         0.050    Feb 17 21:27:04        23     0.01
        40.70          22.8         0.060    Feb 17 21:27:04        23     0.01
        40.80          22.8         0.050    Feb 17 21:27:04        23     0.01
        40.90          22.9         0.060    Feb 17 21:27:04        23     0.01
        41.00          22.9         0.050    Feb 17 21:27:04        23     0.01
        41.10          23.0         0.060    Feb 17 21:27:04        23     0.01
        41.20          23.1         0.060    Feb 17 21:27:04        23     0.01
        41.30          23.1         0.060    Feb 17 21:27:04        23     0.01
        41.40          23.2         0.070    Feb 17 21:27:04        23     0.01
        41.50          23.3         0.070    Feb 17 21:27:04        23     0.01
        41.60          23.3         0.060    Feb 17 21:27:04        23     0.01
        41.70          23.4         0.060    Feb 17 21:27:04        23     0.01
        41.80          23.4         0.060    Feb 17 21:27:04        23     0.01
        41.90          23.5         0.050    Feb 17 21:27:04        23     0.01
        42.00          23.6         0.070    Feb 17 21:27:04        23     0.01
        42.10          23.6         0.070    Feb 17 21:27:04        23     0.01
        42.20          23.7         0.080    Feb 17 21:27:05        24     0.01
        42.30          23.8         0.070    Feb 17 21:27:05        24     0.01
        42.40          23.8         0.060    Feb 17 21:27:05        24     0.01
        42.50          23.9         0.060    Feb 17 21:27:05        24     0.01
        42.60          24.0         0.120    Feb 17 21:27:05        24     0.01
        42.70          24.1         0.070    Feb 17 21:27:05        24     0.01
        42.80          24.2         0.070    Feb 17 21:27:05        24     0.01
        42.90          24.2         0.060    Feb 17 21:27:05        24     0.01
        43.00          24.3         0.060    Feb 17 21:27:05        24     0.01
        43.10          24.4         0.060    Feb 17 21:27:05        24     0.01
        43.20          24.4         0.060    Feb 17 21:27:05        24     0.01
        43.30          24.5         0.070    Feb 17 21:27:05        24     0.01
        43.40          24.5         0.060    Feb 17 21:27:05        24     0.01
        43.50          24.6         0.050    Feb 17 21:27:05        24     0.01
        43.60          24.7         0.060    Feb 17 21:27:05        24     0.01
        43.70          24.7         0.070    Feb 17 21:27:06        25     0.01
        43.80          24.8         0.050    Feb 17 21:27:06        25     0.01
        43.90          24.8         0.060    Feb 17 21:27:06        25     0.01
        44.00          24.9         0.060    Feb 17 21:27:06        25     0.01
        44.10          24.9         0.060    Feb 17 21:27:06        25     0.01
        44.20          25.0         0.060    Feb 17 21:27:06        25     0.01
        44.30          25.1         0.050    Feb 17 21:27:06        25     0.01
        44.40          25.1         0.060    Feb 17 21:27:06        25     0.01
        44.50          25.2         0.060    Feb 17 21:27:06        25     0.01
        44.60          25.2         0.060    Feb 17 21:27:06        25     0.01
        44.70          25.3         0.050    Feb 17 21:27:06        25     0.01
        44.80          25.3         0.060    Feb 17 21:27:06        25     0.01
        44.90          25.4         0.060    Feb 17 21:27:06        25     0.01
        45.00          25.5         0.050    Feb 17 21:27:06        25     0.01
        45.10          25.5         0.050    Feb 17 21:27:06        25     0.01
        45.20          25.6         0.050    Feb 17 21:27:06        25     0.01
        45.30          25.6         0.050    Feb 17 21:27:06        25     0.01
        45.40          25.7         0.050    Feb 17 21:27:07        26     0.01
        45.50          25.7         0.050    Feb 17 21:27:07        26     0.01
        45.60          25.8         0.050    Feb 17 21:27:07        26     0.01
        45.70          25.8         0.060    Feb 17 21:27:07        26     0.01
        45.80          25.9         0.060    Feb 17 21:27:07        26     0.01
        45.90          26.0         0.090    Feb 17 21:27:07        26     0.01
        46.00          26.0         0.070    Feb 17 21:27:07        26     0.01
        46.10          26.1         0.070    Feb 17 21:27:07        26     0.01
        46.20          26.2         0.070    Feb 17 21:27:07        26     0.01
        46.30          26.2         0.070    Feb 17 21:27:07        26     0.01
        46.40          26.3         0.050    Feb 17 21:27:07        26     0.01
        46.50          26.4         0.050    Feb 17 21:27:07        26     0.01
        46.60          26.4         0.060    Feb 17 21:27:07        26     0.01
        46.70          26.5         0.050    Feb 17 21:27:07        26     0.01
        46.80          26.5         0.050    Feb 17 21:27:07        26     0.01
        46.90          26.6         0.060    Feb 17 21:27:07        26     0.01
        47.00          26.6         0.050    Feb 17 21:27:07        26     0.01
        47.10          26.7         0.050    Feb 17 21:27:08        27     0.01
        47.20          26.7         0.060    Feb 17 21:27:08        27     0.01
        47.30          26.8         0.050    Feb 17 21:27:08        27     0.01
        47.40          26.8         0.050    Feb 17 21:27:08        27     0.01
        47.50          26.9         0.050    Feb 17 21:27:08        27     0.01
        47.60          26.9         0.060    Feb 17 21:27:08        27     0.01
        47.70          27.0         0.060    Feb 17 21:27:08        27     0.01
        47.80          27.1         0.050    Feb 17 21:27:08        27     0.01
        47.90          27.1         0.050    Feb 17 21:27:08        27     0.01
        48.00          27.1         0.050    Feb 17 21:27:08        27     0.01
        48.10          27.2         0.050    Feb 17 21:27:08        27     0.01
        48.20          27.3         0.060    Feb 17 21:27:08        27     0.01
        48.30          27.3         0.050    Feb 17 21:27:08        27     0.01
        48.40          27.4         0.060    Feb 17 21:27:08        27     0.01
        48.50          27.5         0.090    Feb 17 21:27:08        27     0.01
        48.60          27.6         0.090    Feb 17 21:27:08        27     0.01
        48.70          27.6         0.080    Feb 17 21:27:08        27     0.01
        48.80          27.7         0.080    Feb 17 21:27:09        28     0.01
        48.90          27.8         0.080    Feb 17 21:27:09        28     0.01
        49.00          27.9         0.080    Feb 17 21:27:09        28     0.01
        49.10          28.0         0.080    Feb 17 21:27:09        28     0.01
        49.20          28.0         0.080    Feb 17 21:27:09        28     0.01
        49.30          28.1         0.080    Feb 17 21:27:09        28     0.01
        49.40          28.2         0.050    Feb 17 21:27:09        28     0.01
        49.50          28.2         0.060    Feb 17 21:27:09        28     0.01
        49.60          28.3         0.080    Feb 17 21:27:09        28     0.01
        49.70          28.4         0.080    Feb 17 21:27:09        28     0.01
        49.80          28.5         0.090    Feb 17 21:27:09        28     0.01
        49.90          28.6         0.090    Feb 17 21:27:09        28     0.01
        50.00          28.6         0.070    Feb 17 21:27:09        28     0.01
        50.10          28.7         0.080    Feb 17 21:27:10        29     0.01
        50.20          28.8         0.090    Feb 17 21:27:10        29     0.01
        50.30          28.9         0.080    Feb 17 21:27:10        29     0.01
        50.40          29.0         0.090    Feb 17 21:27:10        29     0.01
        50.50          29.1         0.080    Feb 17 21:27:10        29     0.01
        50.60          29.1         0.080    Feb 17 21:27:10        29     0.01
        50.70          29.2         0.100    Feb 17 21:27:10        29     0.01
        50.80          29.3         0.080    Feb 17 21:27:10        29     0.01
        50.90          29.4         0.080    Feb 17 21:27:10        29     0.01
        51.00          29.5         0.080    Feb 17 21:27:10        29     0.01
        51.10          29.6         0.080    Feb 17 21:27:10        29     0.01
        51.20          29.6         0.090    Feb 17 21:27:10        29     0.01
        51.30          29.7         0.080    Feb 17 21:27:11        30     0.01
        51.40          29.8         0.080    Feb 17 21:27:11        30     0.01
        51.50          29.9         0.090    Feb 17 21:27:11        30     0.01
        51.60          30.0         0.080    Feb 17 21:27:11        30     0.01
        51.70          30.1         0.080    Feb 17 21:27:11        30     0.01
        51.80          30.1         0.080    Feb 17 21:27:11        30     0.01
        51.90          30.2         0.070    Feb 17 21:27:11        30     0.01
        52.00          30.3         0.070    Feb 17 21:27:11        30     0.01
        52.10          30.3         0.060    Feb 17 21:27:11        30     0.01
        52.20          30.4         0.080    Feb 17 21:27:11        30     0.01
        52.30          30.5         0.080    Feb 17 21:27:11        30     0.01
        52.40          30.5         0.050    Feb 17 21:27:11        30     0.01
        52.50          30.6         0.070    Feb 17 21:27:11        30     0.01
        52.60          30.7         0.090    Feb 17 21:27:12        31     0.01
        52.70          30.8         0.090    Feb 17 21:27:12        31     0.01
        52.80          30.8         0.050    Feb 17 21:27:12        31     0.01
        52.90          30.9         0.080    Feb 17 21:27:12        31     0.01
        53.00          31.0         0.080    Feb 17 21:27:12        31     0.01
        53.10          31.1         0.060    Feb 17 21:27:12        31     0.01
        53.20          31.1         0.050    Feb 17 21:27:12        31     0.01
        53.30          31.2         0.050    Feb 17 21:27:12        31     0.01
        53.40          31.2         0.050    Feb 17 21:27:12        31     0.01
        53.50          31.3         0.060    Feb 17 21:27:12        31     0.01
        53.60          31.3         0.060    Feb 17 21:27:12        31     0.01
        53.70          31.4         0.050    Feb 17 21:27:12        31     0.01
        53.80          31.4         0.050    Feb 17 21:27:12        31     0.01
        53.90          31.5         0.050    Feb 17 21:27:12        31     0.01
        54.00          31.5         0.060    Feb 17 21:27:12        31     0.01
        54.10          31.6         0.050    Feb 17 21:27:12        31     0.01
        54.20          31.6         0.050    Feb 17 21:27:13        32     0.01
        54.30          31.7         0.070    Feb 17 21:27:13        32     0.01
        54.40          31.8         0.060    Feb 17 21:27:13        32     0.01
        54.50          31.8         0.060    Feb 17 21:27:13        32     0.01
        54.60          31.9         0.050    Feb 17 21:27:13        32     0.01
        54.70          32.0         0.090    Feb 17 21:27:13        32     0.01
        54.80          32.0         0.070    Feb 17 21:27:13        32     0.01
        54.90          32.1         0.060    Feb 17 21:27:13        32     0.01
        55.00          32.2         0.060    Feb 17 21:27:13        32     0.01
        55.10          32.2         0.060    Feb 17 21:27:13        32     0.01
        55.20          32.3         0.060    Feb 17 21:27:13        32     0.01
        55.30          32.3         0.060    Feb 17 21:27:13        32     0.01
        55.40          32.4         0.050    Feb 17 21:27:13        32     0.01
        55.50          32.4         0.050    Feb 17 21:27:13        32     0.01
        55.60          32.5         0.070    Feb 17 21:27:13        32     0.01
        55.70          32.6         0.080    Feb 17 21:27:13        32     0.01
        55.80          32.7         0.070    Feb 17 21:27:14        33     0.01
        55.90          32.8         0.090    Feb 17 21:27:14        33     0.01
        56.00          32.8         0.070    Feb 17 21:27:14        33     0.01
        56.10          32.9         0.080    Feb 17 21:27:14        33     0.01
        56.20          33.0         0.070    Feb 17 21:27:14        33     0.01
        56.30          33.0         0.060    Feb 17 21:27:14        33     0.01
        56.40          33.1         0.070    Feb 17 21:27:14        33     0.01
        56.50          33.1         0.050    Feb 17 21:27:14        33     0.01
        56.60          33.2         0.060    Feb 17 21:27:14        33     0.01
        56.70          33.3         0.050    Feb 17 21:27:14        33     0.01
        56.80          33.3         0.080    Feb 17 21:27:14        33     0.01
        56.90          33.4         0.070    Feb 17 21:27:14        33     0.01
        57.00          33.5         0.080    Feb 17 21:27:14        33     0.01
        57.10          33.6         0.090    Feb 17 21:27:14        33     0.01
        57.20          33.7         0.080    Feb 17 21:27:15        34     0.01
        57.30          33.8         0.100    Feb 17 21:27:15        34     0.01
        57.40          33.8         0.080    Feb 17 21:27:15        34     0.01
        57.50          33.9         0.090    Feb 17 21:27:15        34     0.01
        57.60          34.0         0.090    Feb 17 21:27:15        34     0.01
        57.70          34.1         0.080    Feb 17 21:27:15        34     0.01
        57.80          34.2         0.080    Feb 17 21:27:15        34     0.01
        57.90          34.3         0.090    Feb 17 21:27:15        34     0.01
        58.00          34.4         0.080    Feb 17 21:27:15        34     0.01
        58.10          34.4         0.080    Feb 17 21:27:15        34     0.01
        58.20          34.5         0.050    Feb 17 21:27:15        34     0.01
        58.30          34.5         0.060    Feb 17 21:27:15        34     0.01
        58.40          34.6         0.050    Feb 17 21:27:15        34     0.01
        58.50          34.7         0.070    Feb 17 21:27:16        35     0.01
        58.60          34.7         0.080    Feb 17 21:27:16        35     0.01
        58.70          34.8         0.070    Feb 17 21:27:16        35     0.01
        58.80          34.9         0.050    Feb 17 21:27:16        35     0.01
        58.90          34.9         0.050    Feb 17 21:27:16        35     0.01
        59.00          35.0         0.050    Feb 17 21:27:16        35     0.01
        59.10          35.0         0.060    Feb 17 21:27:16        35     0.01
        59.20          35.1         0.050    Feb 17 21:27:16        35     0.01
        59.30          35.1         0.080    Feb 17 21:27:16        35     0.01
        59.40          35.2         0.080    Feb 17 21:27:16        35     0.01
        59.50          35.3         0.060    Feb 17 21:27:16        35     0.01
        59.60          35.4         0.060    Feb 17 21:27:16        35     0.01
        59.70          35.4         0.080    Feb 17 21:27:16        35     0.01
        59.80          35.5         0.090    Feb 17 21:27:16        35     0.01
        59.90          35.6         0.090    Feb 17 21:27:16        35     0.01
        60.00          35.7         0.080    Feb 17 21:27:17        36     0.01
        60.10          35.8         0.080    Feb 17 21:27:17        36     0.01
        60.20          35.9         0.080    Feb 17 21:27:17        36     0.01
        60.30          35.9         0.060    Feb 17 21:27:17        36     0.01
        60.40          36.0         0.090    Feb 17 21:27:17        36     0.01
        60.50          36.1         0.080    Feb 17 21:27:17        36     0.01
        60.60          36.2         0.080    Feb 17 21:27:17        36     0.01
        60.70          36.2         0.070    Feb 17 21:27:17        36     0.01
        60.80          36.3         0.070    Feb 17 21:27:17        36     0.01
        60.90          36.4         0.060    Feb 17 21:27:17        36     0.01
        61.00          36.4         0.060    Feb 17 21:27:17        36     0.01
        61.10          36.5         0.050    Feb 17 21:27:17        36     0.01
        61.20          36.5         0.050    Feb 17 21:27:17        36     0.01
        61.30          36.6         0.090    Feb 17 21:27:17        36     0.01
        61.40          36.7         0.060    Feb 17 21:27:18        37     0.01
        61.50          36.7         0.050    Feb 17 21:27:18        37     0.01
        61.60          36.8         0.050    Feb 17 21:27:18        37     0.01
        61.70          36.8         0.060    Feb 17 21:27:18        37     0.01
        61.80          36.9         0.050    Feb 17 21:27:18        37     0.01
        61.90          36.9         0.060    Feb 17 21:27:18        37     0.01
        62.00          37.0         0.080    Feb 17 21:27:18        37     0.01
        62.10          37.1         0.070    Feb 17 21:27:18        37     0.01
        62.20          37.2         0.080    Feb 17 21:27:18        37     0.01
        62.30          37.2         0.080    Feb 17 21:27:18        37     0.01
        62.40          37.3         0.070    Feb 17 21:27:18        37     0.01
        62.50          37.4         0.080    Feb 17 21:27:18        37     0.01
        62.60          37.5         0.070    Feb 17 21:27:18        37     0.01
        62.70          37.6         0.090    Feb 17 21:27:18        37     0.01
        62.80          37.6         0.070    Feb 17 21:27:18        37     0.01
        62.90          37.7         0.080    Feb 17 21:27:19        38     0.01
        63.00          37.8         0.080    Feb 17 21:27:19        38     0.01
        63.10          37.8         0.060    Feb 17 21:27:19        38     0.01
        63.20          37.9         0.060    Feb 17 21:27:19        38     0.01
        63.30          38.0         0.060    Feb 17 21:27:19        38     0.01
        63.40          38.0         0.060    Feb 17 21:27:19        38     0.01
        63.50          38.1         0.080    Feb 17 21:27:19        38     0.01
        63.60          38.2         0.090    Feb 17 21:27:19        38     0.01
        63.70          38.3         0.080    Feb 17 21:27:19        38     0.01
        63.80          38.4         0.080    Feb 17 21:27:19        38     0.01
        63.90          38.4         0.080    Feb 17 21:27:19        38     0.01
        64.00          38.5         0.080    Feb 17 21:27:19        38     0.01
        64.10          38.6         0.080    Feb 17 21:27:19        38     0.01
        64.20          38.7         0.070    Feb 17 21:27:20        39     0.01
        64.30          38.8         0.090    Feb 17 21:27:20        39     0.01
        64.40          38.8         0.080    Feb 17 21:27:20        39     0.01
        64.50          38.9         0.100    Feb 17 21:27:20        39     0.01
        64.60          39.0         0.080    Feb 17 21:27:20        39     0.01
        64.70          39.1         0.090    Feb 17 21:27:20        39     0.01
        64.80          39.2         0.070    Feb 17 21:27:20        39     0.01
        64.90          39.3         0.080    Feb 17 21:27:20        39     0.01
        65.00          39.4         0.100    Feb 17 21:27:20        39     0.01
        65.10          39.4         0.080    Feb 17 21:27:20        39     0.01
        65.20          39.5         0.090    Feb 17 21:27:20        39     0.01
        65.30          39.6         0.080    Feb 17 21:27:20        39     0.01
        65.40          39.7         0.080    Feb 17 21:27:21        40     0.01
        65.50          39.8         0.080    Feb 17 21:27:21        40     0.01
        65.60          39.8         0.080    Feb 17 21:27:21        40     0.01
        65.70          39.9         0.090    Feb 17 21:27:21        40     0.01
        65.80          40.0         0.080    Feb 17 21:27:21        40     0.01
        65.90          40.1         0.070    Feb 17 21:27:21        40     0.01
        66.00          40.2         0.080    Feb 17 21:27:21        40     0.01
        66.10          40.2         0.080    Feb 17 21:27:21        40     0.01
        66.20          40.3         0.080    Feb 17 21:27:21        40     0.01
        66.30          40.4         0.080    Feb 17 21:27:21        40     0.01
        66.40          40.5         0.070    Feb 17 21:27:21        40     0.01
        66.50          40.6         0.080    Feb 17 21:27:21        40     0.01
        66.60          40.6         0.080    Feb 17 21:27:22        41     0.01
        66.70          40.7         0.080    Feb 17 21:27:22        41     0.01
        66.80          40.8         0.090    Feb 17 21:27:22        41     0.01
        66.90          40.9         0.080    Feb 17 21:27:22        41     0.01
        67.00          41.0         0.080    Feb 17 21:27:22        41     0.01
        67.10          41.0         0.080    Feb 17 21:27:22        41     0.01
        67.20          41.1         0.080    Feb 17 21:27:22        41     0.01
        67.30          41.2         0.080    Feb 17 21:27:22        41     0.01
        67.40          41.3         0.080    Feb 17 21:27:22        41     0.01
        67.50          41.4         0.070    Feb 17 21:27:22        41     0.01
        67.60          41.5         0.090    Feb 17 21:27:22        41     0.01
        67.70          41.5         0.070    Feb 17 21:27:22        41     0.01
        67.80          41.6         0.080    Feb 17 21:27:22        41     0.01
        67.90          41.7         0.070    Feb 17 21:27:23        42     0.01
        68.00          41.7         0.070    Feb 17 21:27:23        42     0.01
        68.10          41.8         0.090    Feb 17 21:27:23        42     0.01
        68.20          41.9         0.070    Feb 17 21:27:23        42     0.01
        68.30          42.0         0.080    Feb 17 21:27:23        42     0.01
        68.40          42.1         0.080    Feb 17 21:27:23        42     0.01
        68.50          42.1         0.080    Feb 17 21:27:23        42     0.01
        68.60          42.2         0.070    Feb 17 21:27:23        42     0.01
        68.70          42.3         0.080    Feb 17 21:27:23        42     0.01
        68.80          42.4         0.090    Feb 17 21:27:23        42     0.01
        68.90          42.5         0.080    Feb 17 21:27:23        42     0.01
        69.00          42.5         0.080    Feb 17 21:27:23        42     0.01
        69.10          42.6         0.090    Feb 17 21:27:24        43     0.01
        69.20          42.7         0.090    Feb 17 21:27:24        43     0.01
        69.30          42.8         0.080    Feb 17 21:27:24        43     0.01
        69.40          42.9         0.080    Feb 17 21:27:24        43     0.01
        69.50          43.0         0.080    Feb 17 21:27:24        43     0.01
        69.60          43.0         0.080    Feb 17 21:27:24        43     0.01
        69.70          43.1         0.090    Feb 17 21:27:24        43     0.01
        69.80          43.2         0.080    Feb 17 21:27:24        43     0.01
        69.90          43.3         0.080    Feb 17 21:27:24        43     0.01
        70.00          43.4         0.080    Feb 17 21:27:24        43     0.01
        70.10          43.4         0.070    Feb 17 21:27:24        43     0.01
        70.20          43.5         0.080    Feb 17 21:27:24        43     0.01
        70.30          43.6         0.060    Feb 17 21:27:24        43     0.01
        70.40          43.6         0.060    Feb 17 21:27:25        44     0.01
        70.50          43.7         0.060    Feb 17 21:27:25        44     0.01
        70.60          43.8         0.050    Feb 17 21:27:25        44     0.01
        70.70          43.8         0.070    Feb 17 21:27:25        44     0.01
        70.80          43.9         0.060    Feb 17 21:27:25        44     0.01
        70.90          43.9         0.060    Feb 17 21:27:25        44     0.01
        71.00          44.0         0.050    Feb 17 21:27:25        44     0.01
        71.10          44.0         0.060    Feb 17 21:27:25        44     0.01
        71.20          44.1         0.060    Feb 17 21:27:25        44     0.01
        71.30          44.2         0.070    Feb 17 21:27:25        44     0.01
        71.40          44.2         0.050    Feb 17 21:27:25        44     0.01
        71.50          44.3         0.090    Feb 17 21:27:25        44     0.01
        71.60          44.4         0.080    Feb 17 21:27:25        44     0.01
        71.70          44.5         0.090    Feb 17 21:27:25        44     0.01
        71.80          44.6         0.080    Feb 17 21:27:25        44     0.01
        71.90          44.6         0.080    Feb 17 21:27:26        45     0.01
        72.00          44.7         0.090    Feb 17 21:27:26        45     0.01
        72.10          44.8         0.080    Feb 17 21:27:26        45     0.01
        72.20          44.9         0.080    Feb 17 21:27:26        45     0.01
        72.30          45.0         0.080    Feb 17 21:27:26        45     0.01
        72.40          45.1         0.070    Feb 17 21:27:26        45     0.01
        72.50          45.1         0.080    Feb 17 21:27:26        45     0.01
        72.60          45.2         0.070    Feb 17 21:27:26        45     0.01
        72.70          45.3         0.090    Feb 17 21:27:26        45     0.01
        72.80          45.4         0.080    Feb 17 21:27:26        45     0.01
        72.90          45.5         0.080    Feb 17 21:27:26        45     0.01
        73.00          45.5         0.070    Feb 17 21:27:26        45     0.01
        73.10          45.6         0.070    Feb 17 21:27:26        45     0.01
        73.20          45.6         0.060    Feb 17 21:27:27        46     0.01
        73.30          45.7         0.060    Feb 17 21:27:27        46     0.01
        73.40          45.8         0.050    Feb 17 21:27:27        46     0.01
        73.50          45.9         0.090    Feb 17 21:27:27        46     0.01
        73.60          45.9         0.080    Feb 17 21:27:27        46     0.01
        73.70          46.0         0.070    Feb 17 21:27:27        46     0.01
        73.80          46.1         0.080    Feb 17 21:27:27        46     0.01
        73.90          46.2         0.080    Feb 17 21:27:27        46     0.01
        74.00          46.2         0.070    Feb 17 21:27:27        46     0.01
        74.10          46.3         0.080    Feb 17 21:27:27        46     0.01
        74.20          46.4         0.070    Feb 17 21:27:27        46     0.01
        74.30          46.4         0.070    Feb 17 21:27:27        46     0.01
        74.40          46.5         0.080    Feb 17 21:27:27        46     0.01
        74.50          46.6         0.080    Feb 17 21:27:27        46     0.01
        74.60          46.7         0.080    Feb 17 21:27:28        47     0.01
        74.70          46.8         0.080    Feb 17 21:27:28        47     0.01
        74.80          46.9         0.090    Feb 17 21:27:28        47     0.01
        74.90          47.0         0.090    Feb 17 21:27:28        47     0.01
        75.00          47.0         0.090    Feb 17 21:27:28        47     0.01
        75.10          47.1         0.060    Feb 17 21:27:28        47     0.01
        75.20          47.2         0.080    Feb 17 21:27:28        47     0.01
        75.30          47.2         0.070    Feb 17 21:27:28        47     0.01
        75.40          47.3         0.060    Feb 17 21:27:28        47     0.01
        75.50          47.4         0.070    Feb 17 21:27:28        47     0.01
        75.60          47.5         0.090    Feb 17 21:27:28        47     0.01
        75.70          47.5         0.070    Feb 17 21:27:28        47     0.01
        75.80          47.6         0.080    Feb 17 21:27:29        48     0.01
        75.90          47.7         0.090    Feb 17 21:27:29        48     0.01
        76.00          47.8         0.080    Feb 17 21:27:29        48     0.01
        76.10          47.8         0.050    Feb 17 21:27:29        48     0.01
        76.20          47.9         0.080    Feb 17 21:27:29        48     0.01
        76.30          48.0         0.060    Feb 17 21:27:29        48     0.01
        76.40          48.1         0.090    Feb 17 21:27:29        48     0.01
        76.50          48.2         0.090    Feb 17 21:27:29        48     0.01
        76.60          48.3         0.100    Feb 17 21:27:29        48     0.01
        76.70          48.3         0.080    Feb 17 21:27:29        48     0.01
        76.80          48.4         0.090    Feb 17 21:27:29        48     0.01
        76.90          48.5         0.090    Feb 17 21:27:29        48     0.01
        77.00          48.6         0.080    Feb 17 21:27:29        48     0.01
        77.10          48.7         0.080    Feb 17 21:27:30        49     0.01
        77.20          48.8         0.090    Feb 17 21:27:30        49     0.01
        77.30          48.9         0.100    Feb 17 21:27:30        49     0.01
        77.40          49.0         0.090    Feb 17 21:27:30        49     0.01
        77.50          49.0         0.080    Feb 17 21:27:30        49     0.01
        77.60          49.1         0.080    Feb 17 21:27:30        49     0.01
        77.70          49.2         0.100    Feb 17 21:27:30        49     0.01
        77.80          49.3         0.080    Feb 17 21:27:30        49     0.01
        77.90          49.4         0.080    Feb 17 21:27:30        49     0.01
        78.00          49.5         0.090    Feb 17 21:27:30        49     0.01
        78.10          49.5         0.060    Feb 17 21:27:30        49     0.01
        78.20          49.6         0.060    Feb 17 21:27:30        49     0.01
        78.30          49.6         0.050    Feb 17 21:27:31        50     0.01
        78.40          49.7         0.060    Feb 17 21:27:31        50     0.01
        78.50          49.8         0.060    Feb 17 21:27:31        50     0.01
        78.60          49.8         0.060    Feb 17 21:27:31        50     0.01
        78.70          49.9         0.080    Feb 17 21:27:31        50     0.01
        78.80          50.0         0.100    Feb 17 21:27:31        50     0.01
        78.90          50.1         0.090    Feb 17 21:27:31        50     0.01
        79.00          50.2         0.090    Feb 17 21:27:31        50     0.01
        79.10          50.3         0.100    Feb 17 21:27:31        50     0.01
        79.20          50.4         0.090    Feb 17 21:27:31        50     0.01
        79.30          50.5         0.100    Feb 17 21:27:31        50     0.01
        79.40          50.6         0.090    Feb 17 21:27:31        50     0.01
        79.50          50.6         0.070    Feb 17 21:27:32        51     0.01
        79.60          50.7         0.090    Feb 17 21:27:32        51     0.01
        79.70          50.8         0.090    Feb 17 21:27:32        51     0.01
        79.80          50.9         0.080    Feb 17 21:27:32        51     0.01
        79.90          51.0         0.090    Feb 17 21:27:32        51     0.01
        80.00          51.1         0.080    Feb 17 21:27:32        51     0.01
        80.10          51.1         0.090    Feb 17 21:27:32        51     0.01
        80.20          51.2         0.070    Feb 17 21:27:32        51     0.01
        80.30          51.3         0.070    Feb 17 21:27:32        51     0.01
        80.40          51.4         0.060    Feb 17 21:27:32        51     0.01
        80.50          51.4         0.080    Feb 17 21:27:32        51     0.01
        80.60          51.5         0.090    Feb 17 21:27:32        51     0.01
        80.70          51.6         0.090    Feb 17 21:27:33        52     0.01
        80.80          51.7         0.080    Feb 17 21:27:33        52     0.01
        80.90          51.8         0.080    Feb 17 21:27:33        52     0.01
        81.00          51.9         0.090    Feb 17 21:27:33        52     0.01
        81.10          51.9         0.080    Feb 17 21:27:33        52     0.01
        81.20          52.0         0.080    Feb 17 21:27:33        52     0.01
        81.30          52.1         0.090    Feb 17 21:27:33        52     0.01
        81.40          52.2         0.090    Feb 17 21:27:33        52     0.01
        81.50          52.3         0.080    Feb 17 21:27:33        52     0.01
        81.60          52.4         0.080    Feb 17 21:27:33        52     0.01
        81.70          52.4         0.080    Feb 17 21:27:33        52     0.01
        81.80          52.5         0.090    Feb 17 21:27:33        52     0.01
        81.90          52.6         0.090    Feb 17 21:27:34        53     0.01
        82.00          52.7         0.080    Feb 17 21:27:34        53     0.01
        82.10          52.8         0.090    Feb 17 21:27:34        53     0.01
        82.20          52.9         0.080    Feb 17 21:27:34        53     0.01
        82.30          53.0         0.090    Feb 17 21:27:34        53     0.01
        82.40          53.1         0.090    Feb 17 21:27:34        53     0.01
        82.50          53.1         0.090    Feb 17 21:27:34        53     0.01
        82.60          53.2         0.080    Feb 17 21:27:34        53     0.01
        82.70          53.3         0.080    Feb 17 21:27:34        53     0.01
        82.80          53.4         0.070    Feb 17 21:27:34        53     0.01
        82.90          53.4         0.070    Feb 17 21:27:34        53     0.01
        83.00          53.5         0.080    Feb 17 21:27:34        53     0.01
        83.10          53.6         0.080    Feb 17 21:27:35        54     0.01
        83.20          53.7         0.090    Feb 17 21:27:35        54     0.01
        83.30          53.8         0.080    Feb 17 21:27:35        54     0.01
        83.40          53.9         0.080    Feb 17 21:27:35        54     0.01
        83.50          53.9         0.090    Feb 17 21:27:35        54     0.01
        83.60          54.0         0.090    Feb 17 21:27:35        54     0.01
        83.70          54.1         0.090    Feb 17 21:27:35        54     0.01
        83.80          54.2         0.080    Feb 17 21:27:35        54     0.01
        83.90          54.3         0.090    Feb 17 21:27:35        54     0.01
        84.00          54.4         0.080    Feb 17 21:27:35        54     0.01
        84.10          54.4         0.060    Feb 17 21:27:35        54     0.01
        84.20          54.5         0.060    Feb 17 21:27:35        54     0.01
        84.30          54.5         0.050    Feb 17 21:27:35        54     0.01
        84.40          54.6         0.060    Feb 17 21:27:36        55     0.02
        84.50          54.7         0.070    Feb 17 21:27:36        55     0.02
        84.60          54.7         0.050    Feb 17 21:27:36        55     0.02
        84.70          54.8         0.060    Feb 17 21:27:36        55     0.02
        84.80          54.9         0.090    Feb 17 21:27:36        55     0.02
        84.90          55.0         0.080    Feb 17 21:27:36        55     0.02
        85.00          55.0         0.080    Feb 17 21:27:36        55     0.02
        85.10          55.1         0.080    Feb 17 21:27:36        55     0.02
        85.20          55.2         0.090    Feb 17 21:27:36        55     0.02
        85.30          55.3         0.080    Feb 17 21:27:36        55     0.02
        85.40          55.4         0.080    Feb 17 21:27:36        55     0.02
        85.50          55.4         0.080    Feb 17 21:27:36        55     0.02
        85.60          55.5         0.080    Feb 17 21:27:36        55     0.02
        85.70          55.6         0.070    Feb 17 21:27:36        55     0.02
        85.80          55.7         0.090    Feb 17 21:27:37        56     0.02
        85.90          55.8         0.080    Feb 17 21:27:37        56     0.02
        86.00          55.8         0.070    Feb 17 21:27:37        56     0.02
        86.10          55.9         0.070    Feb 17 21:27:37        56     0.02
        86.20          56.0         0.080    Feb 17 21:27:37        56     0.02
        86.30          56.1         0.080    Feb 17 21:27:37        56     0.02
        86.40          56.1         0.080    Feb 17 21:27:37        56     0.02
        86.50          56.2         0.070    Feb 17 21:27:37        56     0.02
        86.60          56.3         0.050    Feb 17 21:27:37        56     0.02
        86.70          56.3         0.080    Feb 17 21:27:37        56     0.02
        86.80          56.4         0.070    Feb 17 21:27:37        56     0.02
        86.90          56.5         0.050    Feb 17 21:27:37        56     0.02
        87.00          56.5         0.080    Feb 17 21:27:37        56     0.02
        87.10          56.6         0.080    Feb 17 21:27:38        57     0.02
        87.20          56.7         0.080    Feb 17 21:27:38        57     0.02
        87.30          56.8         0.080    Feb 17 21:27:38        57     0.02
        87.40          56.9         0.090    Feb 17 21:27:38        57     0.02
        87.50          56.9         0.070    Feb 17 21:27:38        57     0.02
        87.60          57.0         0.060    Feb 17 21:27:38        57     0.02
        87.70          57.1         0.060    Feb 17 21:27:38        57     0.02
        87.80          57.1         0.060    Feb 17 21:27:38        57     0.02
        87.90          57.2         0.060    Feb 17 21:27:38        57     0.02
        88.00          57.2         0.060    Feb 17 21:27:38        57     0.02
        88.10          57.3         0.060    Feb 17 21:27:38        57     0.02
        88.20          57.4         0.060    Feb 17 21:27:38        57     0.02
        88.30          57.4         0.050    Feb 17 21:27:38        57     0.02
        88.40          57.5         0.060    Feb 17 21:27:38        57     0.02
        88.50          57.5         0.060    Feb 17 21:27:38        57     0.02
        88.60          57.6         0.060    Feb 17 21:27:38        57     0.02
        88.70          57.6         0.060    Feb 17 21:27:39        58     0.02
        88.80          57.7         0.060    Feb 17 21:27:39        58     0.02
        88.90          57.8         0.060    Feb 17 21:27:39        58     0.02
        89.00          57.8         0.050    Feb 17 21:27:39        58     0.02
        89.10          57.9         0.070    Feb 17 21:27:39        58     0.02
        89.20          58.0         0.080    Feb 17 21:27:39        58     0.02
        89.30          58.1         0.080    Feb 17 21:27:39        58     0.02
        89.40          58.1         0.080    Feb 17 21:27:39        58     0.02
        89.50          58.2         0.080    Feb 17 21:27:39        58     0.02
        89.60          58.3         0.090    Feb 17 21:27:39        58     0.02
        89.70          58.4         0.080    Feb 17 21:27:39        58     0.02
        89.80          58.5         0.080    Feb 17 21:27:39        58     0.02
        89.90          58.5         0.080    Feb 17 21:27:39        58     0.02
        90.00          58.6         0.070    Feb 17 21:27:40        59     0.02
        90.10          58.7         0.090    Feb 17 21:27:40        59     0.02
        90.20          58.8         0.080    Feb 17 21:27:40        59     0.02
        90.30          58.9         0.080    Feb 17 21:27:40        59     0.02
        90.40          58.9         0.080    Feb 17 21:27:40        59     0.02
        90.50          59.0         0.090    Feb 17 21:27:40        59     0.02
        90.60          59.1         0.090    Feb 17 21:27:40        59     0.02
        90.70          59.2         0.070    Feb 17 21:27:40        59     0.02
        90.80          59.3         0.090    Feb 17 21:27:40        59     0.02
        90.90          59.4         0.070    Feb 17 21:27:40        59     0.02
        91.00          59.4         0.060    Feb 17 21:27:40        59     0.02
        91.10          59.5         0.060    Feb 17 21:27:40        59     0.02
        91.20          59.5         0.060    Feb 17 21:27:40        59     0.02
        91.30          59.6         0.060    Feb 17 21:27:41        60     0.02
        91.40          59.7         0.090    Feb 17 21:27:41        60     0.02
        91.50          59.8         0.090    Feb 17 21:27:41        60     0.02
        91.60          59.9         0.080    Feb 17 21:27:41        60     0.02
        91.70          59.9         0.090    Feb 17 21:27:41        60     0.02
        91.80          60.0         0.070    Feb 17 21:27:41        60     0.02
        91.90          60.1         0.080    Feb 17 21:27:41        60     0.02
        92.00          60.2         0.080    Feb 17 21:27:41        60     0.02
        92.10          60.3         0.090    Feb 17 21:27:41        60     0.02
        92.20          60.3         0.080    Feb 17 21:27:41        60     0.02
        92.30          60.4         0.090    Feb 17 21:27:41        60     0.02
        92.40          60.5         0.080    Feb 17 21:27:41        60     0.02
        92.50          60.6         0.080    Feb 17 21:27:42        61     0.02
        92.60          60.7         0.080    Feb 17 21:27:42        61     0.02
        92.70          60.7         0.050    Feb 17 21:27:42        61     0.02
        92.80          60.8         0.050    Feb 17 21:27:42        61     0.02
        92.90          60.8         0.070    Feb 17 21:27:42        61     0.02
        93.00          60.9         0.070    Feb 17 21:27:42        61     0.02
        93.10          61.0         0.080    Feb 17 21:27:42        61     0.02
        93.20          61.1         0.080    Feb 17 21:27:42        61     0.02
        93.30          61.2         0.080    Feb 17 21:27:42        61     0.02
        93.40          61.2         0.090    Feb 17 21:27:42        61     0.02
        93.50          61.3         0.080    Feb 17 21:27:42        61     0.02
        93.60          61.4         0.080    Feb 17 21:27:42        61     0.02
        93.70          61.5         0.080    Feb 17 21:27:42        61     0.02
        93.80          61.6         0.080    Feb 17 21:27:42        61     0.02
        93.90          61.6         0.070    Feb 17 21:27:43        62     0.02
        94.00          61.7         0.080    Feb 17 21:27:43        62     0.02
        94.10          61.8         0.060    Feb 17 21:27:43        62     0.02
        94.20          61.8         0.060    Feb 17 21:27:43        62     0.02
        94.30          61.9         0.090    Feb 17 21:27:43        62     0.02
        94.40          62.0         0.080    Feb 17 21:27:43        62     0.02
        94.50          62.1         0.080    Feb 17 21:27:43        62     0.02
        94.60          62.2         0.080    Feb 17 21:27:43        62     0.02
        94.70          62.2         0.070    Feb 17 21:27:43        62     0.02
        94.80          62.3         0.080    Feb 17 21:27:43        62     0.02
        94.90          62.4         0.080    Feb 17 21:27:43        62     0.02
        95.00          62.5         0.090    Feb 17 21:27:43        62     0.02
        95.10          62.6         0.080    Feb 17 21:27:43        62     0.02
        95.20          62.6         0.060    Feb 17 21:27:44        63     0.02
        95.30          62.7         0.060    Feb 17 21:27:44        63     0.02
        95.40          62.7         0.050    Feb 17 21:27:44        63     0.02
        95.50          62.8         0.060    Feb 17 21:27:44        63     0.02
        95.60          62.8         0.060    Feb 17 21:27:44        63     0.02
        95.70          62.9         0.060    Feb 17 21:27:44        63     0.02
        95.80          63.0         0.050    Feb 17 21:27:44        63     0.02
        95.90          63.0         0.080    Feb 17 21:27:44        63     0.02
        96.00          63.1         0.090    Feb 17 21:27:44        63     0.02
        96.10          63.2         0.080    Feb 17 21:27:44        63     0.02
        96.20          63.3         0.080    Feb 17 21:27:44        63     0.02
        96.30          63.4         0.080    Feb 17 21:27:44        63     0.02
        96.40          63.5         0.080    Feb 17 21:27:44        63     0.02
        96.50          63.5         0.080    Feb 17 21:27:44        63     0.02
        96.60          63.6         0.080    Feb 17 21:27:45        64     0.02
        96.70          63.7         0.080    Feb 17 21:27:45        64     0.02
        96.80          63.8         0.090    Feb 17 21:27:45        64     0.02
        96.90          63.9         0.080    Feb 17 21:27:45        64     0.02
        97.00          63.9         0.080    Feb 17 21:27:45        64     0.02
        97.10          64.0         0.090    Feb 17 21:27:45        64     0.02
        97.20          64.2         0.130    Feb 17 21:27:45        64     0.02
        97.30          64.2         0.060    Feb 17 21:27:45        64     0.02
        97.40          64.3         0.090    Feb 17 21:27:45        64     0.02
        97.50          64.4         0.080    Feb 17 21:27:45        64     0.02
        97.60          64.5         0.080    Feb 17 21:27:45        64     0.02
        97.70          64.5         0.080    Feb 17 21:27:45        64     0.02
        97.80          64.6         0.090    Feb 17 21:27:46        65     0.02
        97.90          64.7         0.090    Feb 17 21:27:46        65     0.02
        98.00          64.8         0.080    Feb 17 21:27:46        65     0.02
        98.10          64.9         0.080    Feb 17 21:27:46        65     0.02
        98.20          65.0         0.080    Feb 17 21:27:46        65     0.02
        98.30          65.0         0.070    Feb 17 21:27:46        65     0.02
        98.40          65.1         0.070    Feb 17 21:27:46        65     0.02
        98.50          65.2         0.090    Feb 17 21:27:46        65     0.02
        98.60          65.3         0.070    Feb 17 21:27:46        65     0.02
        98.70          65.4         0.080    Feb 17 21:27:46        65     0.02
        98.80          65.4         0.070    Feb 17 21:27:46        65     0.02
        98.90          65.5         0.080    Feb 17 21:27:46        65     0.02
        99.00          65.6         0.070    Feb 17 21:27:46        65     0.02
        99.10          65.7         0.090    Feb 17 21:27:47        66     0.02
        99.20          65.7         0.070    Feb 17 21:27:47        66     0.02
        99.30          65.8         0.080    Feb 17 21:27:47        66     0.02
        99.40          65.9         0.080    Feb 17 21:27:47        66     0.02
        99.50          66.0         0.080    Feb 17 21:27:47        66     0.02
        99.60          66.1         0.090    Feb 17 21:27:47        66     0.02
        99.70          66.2         0.090    Feb 17 21:27:47        66     0.02
        99.80          66.2         0.080    Feb 17 21:27:47        66     0.02
        99.90          66.3         0.080    Feb 17 21:27:47        66     0.02
       100.00          66.4         0.090    Feb 17 21:27:47        66     0.02
