#    Start: ------ Host: "oz-computron" ----------Mon Feb 17 21:17:51 2025

#    Time[fs]   CPU-time[s]     Delta-CPU    Real time        RealT[s]     [h]
#        0.00           0.0                  Feb 17 21:17:51         0     0.00
         0.10           0.0         0.020    Feb 17 21:17:51         0     0.00
         0.20           0.1         0.010    Feb 17 21:17:51         0     0.00
         0.30           0.1         0.020    Feb 17 21:17:51         0     0.00
         0.40           0.1         0.020    Feb 17 21:17:51         0     0.00
         0.50           0.1         0.010    Feb 17 21:17:51         0     0.00
         0.60           0.1         0.010    Feb 17 21:17:51         0     0.00
         0.70           0.1         0.010    Feb 17 21:17:51         0     0.00
         0.80           0.1         0.010    Feb 17 21:17:51         0     0.00
         0.90           0.1         0.010    Feb 17 21:17:51         0     0.00
         1.00           0.1         0.010    Feb 17 21:17:51         0     0.00
         1.10           0.2         0.010    Feb 17 21:17:51         0     0.00
         1.20           0.2         0.020    Feb 17 21:17:51         0     0.00
         1.30           0.2         0.010    Feb 17 21:17:51         0     0.00
         1.40           0.2         0.010    Feb 17 21:17:51         0     0.00
         1.50           0.2         0.010    Feb 17 21:17:51         0     0.00
         1.60           0.2         0.010    Feb 17 21:17:51         0     0.00
         1.70           0.2         0.010    Feb 17 21:17:51         0     0.00
         1.80           0.2         0.020    Feb 17 21:17:51         0     0.00
         1.90           0.3         0.010    Feb 17 21:17:51         0     0.00
         2.00           0.3         0.010    Feb 17 21:17:51         0     0.00
         2.10           0.3         0.010    Feb 17 21:17:51         0     0.00
         2.20           0.3         0.010    Feb 17 21:17:51         0     0.00
         2.30           0.3         0.010    Feb 17 21:17:51         0     0.00
         2.40           0.3         0.010    Feb 17 21:17:51         0     0.00
         2.50           0.3         0.020    Feb 17 21:17:51         0     0.00
         2.60           0.3         0.010    Feb 17 21:17:51         0     0.00
         2.70           0.3         0.010    Feb 17 21:17:51         0     0.00
         2.80           0.4         0.010    Feb 17 21:17:51         0     0.00
         2.90           0.4         0.010    Feb 17 21:17:51         0     0.00
         3.00           0.4         0.010    Feb 17 21:17:51         0     0.00
         3.10           0.4         0.010    Feb 17 21:17:51         0     0.00
         3.20           0.4         0.010    Feb 17 21:17:51         0     0.00
         3.30           0.4         0.010    Feb 17 21:17:51         0     0.00
         3.40           0.4         0.010    Feb 17 21:17:51         0     0.00
         3.50           0.4         0.010    Feb 17 21:17:51         0     0.00
         3.60           0.4         0.010    Feb 17 21:17:51         0     0.00
         3.70           0.4         0.010    Feb 17 21:17:51         0     0.00
         3.80           0.5         0.010    Feb 17 21:17:51         0     0.00
         3.90           0.5         0.000    Feb 17 21:17:51         0     0.00
         4.00           0.5         0.010    Feb 17 21:17:51         0     0.00
         4.10           0.5         0.000    Feb 17 21:17:51         0     0.00
         4.20           0.5         0.020    Feb 17 21:17:51         0     0.00
         4.30           0.5         0.010    Feb 17 21:17:51         0     0.00
         4.40           0.5         0.010    Feb 17 21:17:51         0     0.00
         4.50           0.5         0.000    Feb 17 21:17:51         0     0.00
         4.60           0.5         0.010    Feb 17 21:17:51         0     0.00
         4.70           0.5         0.010    Feb 17 21:17:51         0     0.00
         4.80           0.5         0.010    Feb 17 21:17:51         0     0.00
         4.90           0.5         0.000    Feb 17 21:17:51         0     0.00
         5.00           0.6         0.010    Feb 17 21:17:51         0     0.00
         5.10           0.6         0.010    Feb 17 21:17:51         0     0.00
         5.20           0.6         0.000    Feb 17 21:17:51         0     0.00
         5.30           0.6         0.010    Feb 17 21:17:51         0     0.00
         5.40           0.6         0.010    Feb 17 21:17:51         0     0.00
         5.50           0.6         0.010    Feb 17 21:17:51         0     0.00
         5.60           0.6         0.010    Feb 17 21:17:51         0     0.00
         5.70           0.6         0.000    Feb 17 21:17:51         0     0.00
         5.80           0.6         0.010    Feb 17 21:17:51         0     0.00
         5.90           0.6         0.010    Feb 17 21:17:51         0     0.00
         6.00           0.6         0.010    Feb 17 21:17:51         0     0.00
         6.10           0.6         0.010    Feb 17 21:17:51         0     0.00
         6.20           0.7         0.010    Feb 17 21:17:51         0     0.00
         6.30           0.7         0.000    Feb 17 21:17:51         0     0.00
         6.40           0.7         0.010    Feb 17 21:17:51         0     0.00
         6.50           0.7         0.020    Feb 17 21:17:51         0     0.00
         6.60           0.7         0.000    Feb 17 21:17:51         0     0.00
         6.70           0.7         0.010    Feb 17 21:17:51         0     0.00
         6.80           0.7         0.010    Feb 17 21:17:51         0     0.00
         6.90           0.7         0.010    Feb 17 21:17:51         0     0.00
         7.00           0.7         0.010    Feb 17 21:17:51         0     0.00
         7.10           0.7         0.000    Feb 17 21:17:51         0     0.00
         7.20           0.7         0.010    Feb 17 21:17:51         0     0.00
         7.30           0.7         0.010    Feb 17 21:17:51         0     0.00
         7.40           0.8         0.010    Feb 17 21:17:51         0     0.00
         7.50           0.8         0.000    Feb 17 21:17:51         0     0.00
         7.60           0.8         0.010    Feb 17 21:17:51         0     0.00
         7.70           0.8         0.010    Feb 17 21:17:51         0     0.00
         7.80           0.8         0.020    Feb 17 21:17:51         0     0.00
         7.90           0.8         0.010    Feb 17 21:17:51         0     0.00
         8.00           0.8         0.000    Feb 17 21:17:51         0     0.00
         8.10           0.8         0.010    Feb 17 21:17:51         0     0.00
         8.20           0.8         0.010    Feb 17 21:17:51         0     0.00
         8.30           0.8         0.010    Feb 17 21:17:51         0     0.00
         8.40           0.8         0.010    Feb 17 21:17:51         0     0.00
         8.50           0.8         0.000    Feb 17 21:17:51         0     0.00
         8.60           0.9         0.010    Feb 17 21:17:51         0     0.00
         8.70           0.9         0.010    Feb 17 21:17:51         0     0.00
         8.80           0.9         0.010    Feb 17 21:17:51         0     0.00
         8.90           0.9         0.000    Feb 17 21:17:51         0     0.00
         9.00           0.9         0.010    Feb 17 21:17:51         0     0.00
         9.10           0.9         0.020    Feb 17 21:17:51         0     0.00
         9.20           0.9         0.000    Feb 17 21:17:51         0     0.00
         9.30           0.9         0.010    Feb 17 21:17:51         0     0.00
         9.40           0.9         0.010    Feb 17 21:17:51         0     0.00
         9.50           0.9         0.000    Feb 17 21:17:51         0     0.00
         9.60           0.9         0.010    Feb 17 21:17:51         0     0.00
         9.70           0.9         0.010    Feb 17 21:17:51         0     0.00
         9.80           0.9         0.010    Feb 17 21:17:51         0     0.00
         9.90           0.9         0.000    Feb 17 21:17:51         0     0.00
        10.00           1.0         0.010    Feb 17 21:17:51         0     0.00
        10.10           1.0         0.010    Feb 17 21:17:51         0     0.00
        10.20           1.0         0.010    Feb 17 21:17:52         1     0.00
        10.30           1.0         0.010    Feb 17 21:17:52         1     0.00
        10.40           1.0         0.000    Feb 17 21:17:52         1     0.00
        10.50           1.0         0.010    Feb 17 21:17:52         1     0.00
        10.60           1.0         0.010    Feb 17 21:17:52         1     0.00
        10.70           1.0         0.010    Feb 17 21:17:52         1     0.00
        10.80           1.0         0.000    Feb 17 21:17:52         1     0.00
        10.90           1.0         0.010    Feb 17 21:17:52         1     0.00
        11.00           1.0         0.010    Feb 17 21:17:52         1     0.00
        11.10           1.1         0.010    Feb 17 21:17:52         1     0.00
        11.20           1.1         0.010    Feb 17 21:17:52         1     0.00
        11.30           1.1         0.000    Feb 17 21:17:52         1     0.00
        11.40           1.1         0.020    Feb 17 21:17:52         1     0.00
        11.50           1.1         0.010    Feb 17 21:17:52         1     0.00
        11.60           1.1         0.010    Feb 17 21:17:52         1     0.00
        11.70           1.1         0.010    Feb 17 21:17:52         1     0.00
        11.80           1.1         0.010    Feb 17 21:17:52         1     0.00
        11.90           1.1         0.010    Feb 17 21:17:52         1     0.00
        12.00           1.1         0.010    Feb 17 21:17:52         1     0.00
        12.10           1.1         0.000    Feb 17 21:17:52         1     0.00
        12.20           1.2         0.020    Feb 17 21:17:52         1     0.00
        12.30           1.2         0.010    Feb 17 21:17:52         1     0.00
        12.40           1.2         0.010    Feb 17 21:17:52         1     0.00
        12.50           1.2         0.010    Feb 17 21:17:52         1     0.00
        12.60           1.2         0.020    Feb 17 21:17:52         1     0.00
        12.70           1.2         0.010    Feb 17 21:17:52         1     0.00
        12.80           1.2         0.000    Feb 17 21:17:52         1     0.00
        12.90           1.2         0.010    Feb 17 21:17:52         1     0.00
        13.00           1.2         0.010    Feb 17 21:17:52         1     0.00
        13.10           1.2         0.010    Feb 17 21:17:52         1     0.00
        13.20           1.3         0.010    Feb 17 21:17:52         1     0.00
        13.30           1.3         0.000    Feb 17 21:17:52         1     0.00
        13.40           1.3         0.010    Feb 17 21:17:52         1     0.00
        13.50           1.3         0.010    Feb 17 21:17:52         1     0.00
        13.60           1.3         0.010    Feb 17 21:17:52         1     0.00
        13.70           1.3         0.010    Feb 17 21:17:52         1     0.00
        13.80           1.3         0.010    Feb 17 21:17:52         1     0.00
        13.90           1.3         0.010    Feb 17 21:17:52         1     0.00
        14.00           1.3         0.020    Feb 17 21:17:52         1     0.00
        14.10           1.4         0.010    Feb 17 21:17:52         1     0.00
        14.20           1.4         0.010    Feb 17 21:17:52         1     0.00
        14.30           1.4         0.000    Feb 17 21:17:52         1     0.00
        14.40           1.4         0.020    Feb 17 21:17:52         1     0.00
        14.50           1.4         0.010    Feb 17 21:17:52         1     0.00
        14.60           1.4         0.010    Feb 17 21:17:52         1     0.00
        14.70           1.4         0.000    Feb 17 21:17:52         1     0.00
        14.80           1.4         0.020    Feb 17 21:17:52         1     0.00
        14.90           1.4         0.010    Feb 17 21:17:52         1     0.00
        15.00           1.4         0.010    Feb 17 21:17:52         1     0.00
        15.10           1.5         0.010    Feb 17 21:17:52         1     0.00
        15.20           1.5         0.010    Feb 17 21:17:52         1     0.00
        15.30           1.5         0.010    Feb 17 21:17:52         1     0.00
        15.40           1.5         0.000    Feb 17 21:17:52         1     0.00
        15.50           1.5         0.010    Feb 17 21:17:52         1     0.00
        15.60           1.5         0.010    Feb 17 21:17:52         1     0.00
        15.70           1.5         0.010    Feb 17 21:17:52         1     0.00
        15.80           1.5         0.010    Feb 17 21:17:52         1     0.00
        15.90           1.5         0.010    Feb 17 21:17:52         1     0.00
        16.00           1.5         0.010    Feb 17 21:17:52         1     0.00
        16.10           1.5         0.000    Feb 17 21:17:52         1     0.00
        16.20           1.5         0.010    Feb 17 21:17:52         1     0.00
        16.30           1.5         0.010    Feb 17 21:17:52         1     0.00
        16.40           1.6         0.010    Feb 17 21:17:52         1     0.00
        16.50           1.6         0.010    Feb 17 21:17:52         1     0.00
        16.60           1.6         0.000    Feb 17 21:17:52         1     0.00
        16.70           1.6         0.010    Feb 17 21:17:52         1     0.00
        16.80           1.6         0.010    Feb 17 21:17:52         1     0.00
        16.90           1.6         0.010    Feb 17 21:17:52         1     0.00
        17.00           1.6         0.010    Feb 17 21:17:52         1     0.00
        17.10           1.6         0.010    Feb 17 21:17:52         1     0.00
        17.20           1.6         0.010    Feb 17 21:17:52         1     0.00
        17.30           1.6         0.010    Feb 17 21:17:52         1     0.00
        17.40           1.6         0.010    Feb 17 21:17:52         1     0.00
        17.50           1.6         0.000    Feb 17 21:17:52         1     0.00
        17.60           1.7         0.010    Feb 17 21:17:52         1     0.00
        17.70           1.7         0.010    Feb 17 21:17:52         1     0.00
        17.80           1.7         0.000    Feb 17 21:17:52         1     0.00
        17.90           1.7         0.010    Feb 17 21:17:52         1     0.00
        18.00           1.7         0.010    Feb 17 21:17:52         1     0.00
        18.10           1.7         0.010    Feb 17 21:17:52         1     0.00
        18.20           1.7         0.000    Feb 17 21:17:52         1     0.00
        18.30           1.7         0.010    Feb 17 21:17:52         1     0.00
        18.40           1.7         0.010    Feb 17 21:17:52         1     0.00
        18.50           1.7         0.010    Feb 17 21:17:52         1     0.00
        18.60           1.7         0.010    Feb 17 21:17:52         1     0.00
        18.70           1.8         0.010    Feb 17 21:17:52         1     0.00
        18.80           1.8         0.010    Feb 17 21:17:52         1     0.00
        18.90           1.8         0.000    Feb 17 21:17:52         1     0.00
        19.00           1.8         0.010    Feb 17 21:17:52         1     0.00
        19.10           1.8         0.020    Feb 17 21:17:52         1     0.00
        19.20           1.8         0.010    Feb 17 21:17:52         1     0.00
        19.30           1.8         0.010    Feb 17 21:17:52         1     0.00
        19.40           1.8         0.010    Feb 17 21:17:52         1     0.00
        19.50           1.8         0.000    Feb 17 21:17:52         1     0.00
        19.60           1.8         0.010    Feb 17 21:17:52         1     0.00
        19.70           1.8         0.010    Feb 17 21:17:52         1     0.00
        19.80           1.9         0.010    Feb 17 21:17:52         1     0.00
        19.90           1.9         0.010    Feb 17 21:17:52         1     0.00
        20.00           1.9         0.010    Feb 17 21:17:52         1     0.00
        20.10           1.9         0.000    Feb 17 21:17:52         1     0.00
        20.20           1.9         0.010    Feb 17 21:17:52         1     0.00
        20.30           1.9         0.010    Feb 17 21:17:52         1     0.00
        20.40           1.9         0.010    Feb 17 21:17:52         1     0.00
        20.50           1.9         0.020    Feb 17 21:17:52         1     0.00
        20.60           1.9         0.000    Feb 17 21:17:52         1     0.00
        20.70           1.9         0.010    Feb 17 21:17:52         1     0.00
        20.80           1.9         0.010    Feb 17 21:17:52         1     0.00
        20.90           1.9         0.010    Feb 17 21:17:52         1     0.00
        21.00           2.0         0.010    Feb 17 21:17:52         1     0.00
        21.10           2.0         0.010    Feb 17 21:17:53         2     0.00
        21.20           2.0         0.000    Feb 17 21:17:53         2     0.00
        21.30           2.0         0.010    Feb 17 21:17:53         2     0.00
        21.40           2.0         0.010    Feb 17 21:17:53         2     0.00
        21.50           2.0         0.010    Feb 17 21:17:53         2     0.00
        21.60           2.0         0.010    Feb 17 21:17:53         2     0.00
        21.70           2.0         0.010    Feb 17 21:17:53         2     0.00
        21.80           2.0         0.020    Feb 17 21:17:53         2     0.00
        21.90           2.0         0.010    Feb 17 21:17:53         2     0.00
        22.00           2.1         0.010    Feb 17 21:17:53         2     0.00
        22.10           2.1         0.010    Feb 17 21:17:53         2     0.00
        22.20           2.1         0.010    Feb 17 21:17:53         2     0.00
        22.30           2.1         0.010    Feb 17 21:17:53         2     0.00
        22.40           2.1         0.020    Feb 17 21:17:53         2     0.00
        22.50           2.1         0.010    Feb 17 21:17:53         2     0.00
        22.60           2.1         0.020    Feb 17 21:17:53         2     0.00
        22.70           2.1         0.010    Feb 17 21:17:53         2     0.00
        22.80           2.2         0.010    Feb 17 21:17:53         2     0.00
        22.90           2.2         0.010    Feb 17 21:17:53         2     0.00
        23.00           2.2         0.020    Feb 17 21:17:53         2     0.00
        23.10           2.2         0.010    Feb 17 21:17:53         2     0.00
        23.20           2.2         0.010    Feb 17 21:17:53         2     0.00
        23.30           2.2         0.010    Feb 17 21:17:53         2     0.00
        23.40           2.2         0.010    Feb 17 21:17:53         2     0.00
        23.50           2.2         0.010    Feb 17 21:17:53         2     0.00
        23.60           2.3         0.020    Feb 17 21:17:53         2     0.00
        23.70           2.3         0.010    Feb 17 21:17:53         2     0.00
        23.80           2.3         0.010    Feb 17 21:17:53         2     0.00
        23.90           2.3         0.020    Feb 17 21:17:53         2     0.00
        24.00           2.3         0.010    Feb 17 21:17:53         2     0.00
        24.10           2.3         0.010    Feb 17 21:17:53         2     0.00
        24.20           2.3         0.010    Feb 17 21:17:53         2     0.00
        24.30           2.3         0.010    Feb 17 21:17:53         2     0.00
        24.40           2.4         0.010    Feb 17 21:17:53         2     0.00
        24.50           2.4         0.010    Feb 17 21:17:53         2     0.00
        24.60           2.4         0.010    Feb 17 21:17:53         2     0.00
        24.70           2.4         0.010    Feb 17 21:17:53         2     0.00
        24.80           2.4         0.010    Feb 17 21:17:53         2     0.00
        24.90           2.4         0.020    Feb 17 21:17:53         2     0.00
        25.00           2.4         0.010    Feb 17 21:17:53         2     0.00
        25.10           2.4         0.020    Feb 17 21:17:53         2     0.00
        25.20           2.5         0.010    Feb 17 21:17:53         2     0.00
        25.30           2.5         0.010    Feb 17 21:17:53         2     0.00
        25.40           2.5         0.010    Feb 17 21:17:53         2     0.00
        25.50           2.5         0.010    Feb 17 21:17:53         2     0.00
        25.60           2.5         0.010    Feb 17 21:17:53         2     0.00
        25.70           2.5         0.010    Feb 17 21:17:53         2     0.00
        25.80           2.5         0.010    Feb 17 21:17:53         2     0.00
        25.90           2.5         0.010    Feb 17 21:17:53         2     0.00
        26.00           2.5         0.010    Feb 17 21:17:53         2     0.00
        26.10           2.5         0.010    Feb 17 21:17:53         2     0.00
        26.20           2.6         0.020    Feb 17 21:17:53         2     0.00
        26.30           2.6         0.010    Feb 17 21:17:53         2     0.00
        26.40           2.6         0.010    Feb 17 21:17:53         2     0.00
        26.50           2.6         0.020    Feb 17 21:17:53         2     0.00
        26.60           2.6         0.010    Feb 17 21:17:53         2     0.00
        26.70           2.6         0.010    Feb 17 21:17:53         2     0.00
        26.80           2.6         0.010    Feb 17 21:17:53         2     0.00
        26.90           2.6         0.010    Feb 17 21:17:53         2     0.00
        27.00           2.6         0.010    Feb 17 21:17:53         2     0.00
        27.10           2.7         0.010    Feb 17 21:17:53         2     0.00
        27.20           2.7         0.010    Feb 17 21:17:53         2     0.00
        27.30           2.7         0.020    Feb 17 21:17:53         2     0.00
        27.40           2.7         0.010    Feb 17 21:17:53         2     0.00
        27.50           2.7         0.020    Feb 17 21:17:53         2     0.00
        27.60           2.7         0.010    Feb 17 21:17:53         2     0.00
        27.70           2.7         0.010    Feb 17 21:17:53         2     0.00
        27.80           2.8         0.010    Feb 17 21:17:53         2     0.00
        27.90           2.8         0.010    Feb 17 21:17:53         2     0.00
        28.00           2.8         0.010    Feb 17 21:17:53         2     0.00
        28.10           2.8         0.010    Feb 17 21:17:53         2     0.00
        28.20           2.8         0.010    Feb 17 21:17:53         2     0.00
        28.30           2.8         0.010    Feb 17 21:17:53         2     0.00
        28.40           2.8         0.010    Feb 17 21:17:53         2     0.00
        28.50           2.8         0.020    Feb 17 21:17:53         2     0.00
        28.60           2.8         0.010    Feb 17 21:17:53         2     0.00
        28.70           2.9         0.010    Feb 17 21:17:53         2     0.00
        28.80           2.9         0.010    Feb 17 21:17:53         2     0.00
        28.90           2.9         0.010    Feb 17 21:17:53         2     0.00
        29.00           2.9         0.010    Feb 17 21:17:53         2     0.00
        29.10           2.9         0.010    Feb 17 21:17:53         2     0.00
        29.20           2.9         0.020    Feb 17 21:17:53         2     0.00
        29.30           2.9         0.010    Feb 17 21:17:53         2     0.00
        29.40           2.9         0.010    Feb 17 21:17:53         2     0.00
        29.50           2.9         0.010    Feb 17 21:17:53         2     0.00
        29.60           3.0         0.010    Feb 17 21:17:53         2     0.00
        29.70           3.0         0.010    Feb 17 21:17:54         3     0.00
        29.80           3.0         0.020    Feb 17 21:17:54         3     0.00
        29.90           3.0         0.010    Feb 17 21:17:54         3     0.00
        30.00           3.0         0.010    Feb 17 21:17:54         3     0.00
        30.10           3.0         0.010    Feb 17 21:17:54         3     0.00
        30.20           3.0         0.010    Feb 17 21:17:54         3     0.00
        30.30           3.0         0.010    Feb 17 21:17:54         3     0.00
        30.40           3.0         0.020    Feb 17 21:17:54         3     0.00
        30.50           3.1         0.010    Feb 17 21:17:54         3     0.00
        30.60           3.1         0.020    Feb 17 21:17:54         3     0.00
        30.70           3.1         0.010    Feb 17 21:17:54         3     0.00
        30.80           3.1         0.010    Feb 17 21:17:54         3     0.00
        30.90           3.1         0.010    Feb 17 21:17:54         3     0.00
        31.00           3.1         0.010    Feb 17 21:17:54         3     0.00
        31.10           3.1         0.010    Feb 17 21:17:54         3     0.00
        31.20           3.1         0.010    Feb 17 21:17:54         3     0.00
        31.30           3.1         0.010    Feb 17 21:17:54         3     0.00
        31.40           3.2         0.010    Feb 17 21:17:54         3     0.00
        31.50           3.2         0.010    Feb 17 21:17:54         3     0.00
        31.60           3.2         0.010    Feb 17 21:17:54         3     0.00
        31.70           3.2         0.030    Feb 17 21:17:54         3     0.00
        31.80           3.2         0.010    Feb 17 21:17:54         3     0.00
        31.90           3.2         0.010    Feb 17 21:17:54         3     0.00
        32.00           3.2         0.010    Feb 17 21:17:54         3     0.00
        32.10           3.2         0.010    Feb 17 21:17:54         3     0.00
        32.20           3.3         0.010    Feb 17 21:17:54         3     0.00
        32.30           3.3         0.010    Feb 17 21:17:54         3     0.00
        32.40           3.3         0.010    Feb 17 21:17:54         3     0.00
        32.50           3.3         0.020    Feb 17 21:17:54         3     0.00
        32.60           3.3         0.010    Feb 17 21:17:54         3     0.00
        32.70           3.3         0.010    Feb 17 21:17:54         3     0.00
        32.80           3.3         0.010    Feb 17 21:17:54         3     0.00
        32.90           3.3         0.010    Feb 17 21:17:54         3     0.00
        33.00           3.4         0.020    Feb 17 21:17:54         3     0.00
        33.10           3.4         0.010    Feb 17 21:17:54         3     0.00
        33.20           3.4         0.010    Feb 17 21:17:54         3     0.00
        33.30           3.4         0.010    Feb 17 21:17:54         3     0.00
        33.40           3.4         0.010    Feb 17 21:17:54         3     0.00
        33.50           3.4         0.010    Feb 17 21:17:54         3     0.00
        33.60           3.4         0.010    Feb 17 21:17:54         3     0.00
        33.70           3.4         0.010    Feb 17 21:17:54         3     0.00
        33.80           3.4         0.010    Feb 17 21:17:54         3     0.00
        33.90           3.5         0.010    Feb 17 21:17:54         3     0.00
        34.00           3.5         0.020    Feb 17 21:17:54         3     0.00
        34.10           3.5         0.020    Feb 17 21:17:54         3     0.00
        34.20           3.5         0.010    Feb 17 21:17:54         3     0.00
        34.30           3.5         0.010    Feb 17 21:17:54         3     0.00
        34.40           3.5         0.010    Feb 17 21:17:54         3     0.00
        34.50           3.5         0.010    Feb 17 21:17:54         3     0.00
        34.60           3.5         0.010    Feb 17 21:17:54         3     0.00
        34.70           3.5         0.010    Feb 17 21:17:54         3     0.00
        34.80           3.6         0.010    Feb 17 21:17:54         3     0.00
        34.90           3.6         0.020    Feb 17 21:17:54         3     0.00
        35.00           3.6         0.010    Feb 17 21:17:54         3     0.00
        35.10           3.6         0.010    Feb 17 21:17:54         3     0.00
        35.20           3.6         0.010    Feb 17 21:17:54         3     0.00
        35.30           3.6         0.010    Feb 17 21:17:54         3     0.00
        35.40           3.6         0.010    Feb 17 21:17:54         3     0.00
        35.50           3.6         0.010    Feb 17 21:17:54         3     0.00
        35.60           3.7         0.010    Feb 17 21:17:54         3     0.00
        35.70           3.7         0.020    Feb 17 21:17:54         3     0.00
        35.80           3.7         0.010    Feb 17 21:17:54         3     0.00
        35.90           3.7         0.020    Feb 17 21:17:54         3     0.00
        36.00           3.7         0.010    Feb 17 21:17:54         3     0.00
        36.10           3.7         0.010    Feb 17 21:17:54         3     0.00
        36.20           3.7         0.010    Feb 17 21:17:54         3     0.00
        36.30           3.7         0.010    Feb 17 21:17:54         3     0.00
        36.40           3.8         0.010    Feb 17 21:17:54         3     0.00
        36.50           3.8         0.010    Feb 17 21:17:54         3     0.00
        36.60           3.8         0.010    Feb 17 21:17:54         3     0.00
        36.70           3.8         0.010    Feb 17 21:17:54         3     0.00
        36.80           3.8         0.020    Feb 17 21:17:54         3     0.00
        36.90           3.8         0.010    Feb 17 21:17:54         3     0.00
        37.00           3.8         0.010    Feb 17 21:17:54         3     0.00
        37.10           3.8         0.010    Feb 17 21:17:54         3     0.00
        37.20           3.8         0.010    Feb 17 21:17:54         3     0.00
        37.30           3.9         0.010    Feb 17 21:17:54         3     0.00
        37.40           3.9         0.020    Feb 17 21:17:54         3     0.00
        37.50           3.9         0.010    Feb 17 21:17:54         3     0.00
        37.60           3.9         0.010    Feb 17 21:17:54         3     0.00
        37.70           3.9         0.020    Feb 17 21:17:54         3     0.00
        37.80           3.9         0.010    Feb 17 21:17:54         3     0.00
        37.90           3.9         0.010    Feb 17 21:17:54         3     0.00
        38.00           3.9         0.010    Feb 17 21:17:55         4     0.00
        38.10           4.0         0.010    Feb 17 21:17:55         4     0.00
        38.20           4.0         0.010    Feb 17 21:17:55         4     0.00
        38.30           4.0         0.010    Feb 17 21:17:55         4     0.00
        38.40           4.0         0.010    Feb 17 21:17:55         4     0.00
        38.50           4.0         0.020    Feb 17 21:17:55         4     0.00
        38.60           4.0         0.010    Feb 17 21:17:55         4     0.00
        38.70           4.0         0.010    Feb 17 21:17:55         4     0.00
        38.80           4.0         0.010    Feb 17 21:17:55         4     0.00
        38.90           4.0         0.010    Feb 17 21:17:55         4     0.00
        39.00           4.0         0.010    Feb 17 21:17:55         4     0.00
        39.10           4.1         0.020    Feb 17 21:17:55         4     0.00
        39.20           4.1         0.010    Feb 17 21:17:55         4     0.00
        39.30           4.1         0.010    Feb 17 21:17:55         4     0.00
        39.40           4.1         0.010    Feb 17 21:17:55         4     0.00
        39.50           4.1         0.010    Feb 17 21:17:55         4     0.00
        39.60           4.1         0.010    Feb 17 21:17:55         4     0.00
        39.70           4.1         0.010    Feb 17 21:17:55         4     0.00
        39.80           4.2         0.020    Feb 17 21:17:55         4     0.00
        39.90           4.2         0.010    Feb 17 21:17:55         4     0.00
        40.00           4.2         0.010    Feb 17 21:17:55         4     0.00
        40.10           4.2         0.010    Feb 17 21:17:55         4     0.00
        40.20           4.2         0.020    Feb 17 21:17:55         4     0.00
        40.30           4.2         0.010    Feb 17 21:17:55         4     0.00
        40.40           4.2         0.010    Feb 17 21:17:55         4     0.00
        40.50           4.2         0.010    Feb 17 21:17:55         4     0.00
        40.60           4.2         0.010    Feb 17 21:17:55         4     0.00
        40.70           4.2         0.010    Feb 17 21:17:55         4     0.00
        40.80           4.3         0.020    Feb 17 21:17:55         4     0.00
        40.90           4.3         0.010    Feb 17 21:17:55         4     0.00
        41.00           4.3         0.010    Feb 17 21:17:55         4     0.00
        41.10           4.3         0.010    Feb 17 21:17:55         4     0.00
        41.20           4.3         0.010    Feb 17 21:17:55         4     0.00
        41.30           4.3         0.010    Feb 17 21:17:55         4     0.00
        41.40           4.3         0.020    Feb 17 21:17:55         4     0.00
        41.50           4.3         0.010    Feb 17 21:17:55         4     0.00
        41.60           4.4         0.010    Feb 17 21:17:55         4     0.00
        41.70           4.4         0.010    Feb 17 21:17:55         4     0.00
        41.80           4.4         0.010    Feb 17 21:17:55         4     0.00
        41.90           4.4         0.010    Feb 17 21:17:55         4     0.00
        42.00           4.4         0.010    Feb 17 21:17:55         4     0.00
        42.10           4.4         0.010    Feb 17 21:17:55         4     0.00
        42.20           4.4         0.020    Feb 17 21:17:55         4     0.00
        42.30           4.4         0.010    Feb 17 21:17:55         4     0.00
        42.40           4.4         0.010    Feb 17 21:17:55         4     0.00
        42.50           4.5         0.010    Feb 17 21:17:55         4     0.00
        42.60           4.5         0.020    Feb 17 21:17:55         4     0.00
        42.70           4.5         0.010    Feb 17 21:17:55         4     0.00
        42.80           4.5         0.010    Feb 17 21:17:55         4     0.00
        42.90           4.5         0.020    Feb 17 21:17:55         4     0.00
        43.00           4.5         0.010    Feb 17 21:17:55         4     0.00
        43.10           4.6         0.020    Feb 17 21:17:55         4     0.00
        43.20           4.6         0.010    Feb 17 21:17:55         4     0.00
        43.30           4.6         0.010    Feb 17 21:17:55         4     0.00
        43.40           4.6         0.010    Feb 17 21:17:55         4     0.00
        43.50           4.6         0.010    Feb 17 21:17:55         4     0.00
        43.60           4.6         0.020    Feb 17 21:17:55         4     0.00
        43.70           4.6         0.010    Feb 17 21:17:55         4     0.00
        43.80           4.6         0.010    Feb 17 21:17:55         4     0.00
        43.90           4.6         0.010    Feb 17 21:17:55         4     0.00
        44.00           4.7         0.010    Feb 17 21:17:55         4     0.00
        44.10           4.7         0.010    Feb 17 21:17:55         4     0.00
        44.20           4.7         0.010    Feb 17 21:17:55         4     0.00
        44.30           4.7         0.010    Feb 17 21:17:55         4     0.00
        44.40           4.7         0.010    Feb 17 21:17:55         4     0.00
        44.50           4.7         0.010    Feb 17 21:17:55         4     0.00
        44.60           4.7         0.020    Feb 17 21:17:55         4     0.00
        44.70           4.7         0.020    Feb 17 21:17:55         4     0.00
        44.80           4.8         0.010    Feb 17 21:17:55         4     0.00
        44.90           4.8         0.010    Feb 17 21:17:55         4     0.00
        45.00           4.8         0.010    Feb 17 21:17:55         4     0.00
        45.10           4.8         0.010    Feb 17 21:17:55         4     0.00
        45.20           4.8         0.010    Feb 17 21:17:55         4     0.00
        45.30           4.8         0.010    Feb 17 21:17:55         4     0.00
        45.40           4.8         0.010    Feb 17 21:17:55         4     0.00
        45.50           4.8         0.010    Feb 17 21:17:55         4     0.00
        45.60           4.8         0.020    Feb 17 21:17:55         4     0.00
        45.70           4.8         0.010    Feb 17 21:17:55         4     0.00
        45.80           4.9         0.010    Feb 17 21:17:55         4     0.00
        45.90           4.9         0.010    Feb 17 21:17:55         4     0.00
        46.00           4.9         0.010    Feb 17 21:17:55         4     0.00
        46.10           4.9         0.010    Feb 17 21:17:55         4     0.00
        46.20           4.9         0.010    Feb 17 21:17:55         4     0.00
        46.30           4.9         0.010    Feb 17 21:17:55         4     0.00
        46.40           4.9         0.020    Feb 17 21:17:56         5     0.00
        46.50           5.0         0.020    Feb 17 21:17:56         5     0.00
        46.60           5.0         0.010    Feb 17 21:17:56         5     0.00
        46.70           5.0         0.010    Feb 17 21:17:56         5     0.00
        46.80           5.0         0.010    Feb 17 21:17:56         5     0.00
        46.90           5.0         0.010    Feb 17 21:17:56         5     0.00
        47.00           5.0         0.010    Feb 17 21:17:56         5     0.00
        47.10           5.0         0.010    Feb 17 21:17:56         5     0.00
        47.20           5.0         0.020    Feb 17 21:17:56         5     0.00
        47.30           5.0         0.010    Feb 17 21:17:56         5     0.00
        47.40           5.0         0.010    Feb 17 21:17:56         5     0.00
        47.50           5.1         0.020    Feb 17 21:17:56         5     0.00
        47.60           5.1         0.010    Feb 17 21:17:56         5     0.00
        47.70           5.1         0.020    Feb 17 21:17:56         5     0.00
        47.80           5.1         0.010    Feb 17 21:17:56         5     0.00
        47.90           5.1         0.010    Feb 17 21:17:56         5     0.00
        48.00           5.1         0.010    Feb 17 21:17:56         5     0.00
        48.10           5.1         0.010    Feb 17 21:17:56         5     0.00
        48.20           5.1         0.010    Feb 17 21:17:56         5     0.00
        48.30           5.2         0.020    Feb 17 21:17:56         5     0.00
        48.40           5.2         0.010    Feb 17 21:17:56         5     0.00
        48.50           5.2         0.010    Feb 17 21:17:56         5     0.00
        48.60           5.2         0.020    Feb 17 21:17:56         5     0.00
        48.70           5.2         0.010    Feb 17 21:17:56         5     0.00
        48.80           5.2         0.010    Feb 17 21:17:56         5     0.00
        48.90           5.2         0.010    Feb 17 21:17:56         5     0.00
        49.00           5.2         0.010    Feb 17 21:17:56         5     0.00
        49.10           5.3         0.010    Feb 17 21:17:56         5     0.00
        49.20           5.3         0.010    Feb 17 21:17:56         5     0.00
        49.30           5.3         0.010    Feb 17 21:17:56         5     0.00
        49.40           5.3         0.010    Feb 17 21:17:56         5     0.00
        49.50           5.3         0.020    Feb 17 21:17:56         5     0.00
        49.60           5.3         0.020    Feb 17 21:17:56         5     0.00
        49.70           5.3         0.010    Feb 17 21:17:56         5     0.00
        49.80           5.4         0.010    Feb 17 21:17:56         5     0.00
        49.90           5.4         0.010    Feb 17 21:17:56         5     0.00
        50.00           5.4         0.010    Feb 17 21:17:56         5     0.00
        50.10           5.4         0.010    Feb 17 21:17:56         5     0.00
        50.20           5.4         0.010    Feb 17 21:17:56         5     0.00
        50.30           5.4         0.020    Feb 17 21:17:56         5     0.00
        50.40           5.4         0.010    Feb 17 21:17:56         5     0.00
        50.50           5.4         0.010    Feb 17 21:17:56         5     0.00
        50.60           5.4         0.010    Feb 17 21:17:56         5     0.00
        50.70           5.5         0.010    Feb 17 21:17:56         5     0.00
        50.80           5.5         0.010    Feb 17 21:17:56         5     0.00
        50.90           5.5         0.010    Feb 17 21:17:56         5     0.00
        51.00           5.5         0.010    Feb 17 21:17:56         5     0.00
        51.10           5.5         0.020    Feb 17 21:17:56         5     0.00
        51.20           5.5         0.010    Feb 17 21:17:56         5     0.00
        51.30           5.5         0.010    Feb 17 21:17:56         5     0.00
        51.40           5.5         0.010    Feb 17 21:17:56         5     0.00
        51.50           5.5         0.010    Feb 17 21:17:56         5     0.00
        51.60           5.5         0.010    Feb 17 21:17:56         5     0.00
        51.70           5.6         0.010    Feb 17 21:17:56         5     0.00
        51.80           5.6         0.020    Feb 17 21:17:56         5     0.00
        51.90           5.6         0.010    Feb 17 21:17:56         5     0.00
        52.00           5.6         0.010    Feb 17 21:17:56         5     0.00
        52.10           5.6         0.010    Feb 17 21:17:56         5     0.00
        52.20           5.6         0.010    Feb 17 21:17:56         5     0.00
        52.30           5.6         0.020    Feb 17 21:17:56         5     0.00
        52.40           5.6         0.010    Feb 17 21:17:56         5     0.00
        52.50           5.7         0.010    Feb 17 21:17:56         5     0.00
        52.60           5.7         0.020    Feb 17 21:17:56         5     0.00
        52.70           5.7         0.010    Feb 17 21:17:56         5     0.00
        52.80           5.7         0.010    Feb 17 21:17:56         5     0.00
        52.90           5.7         0.010    Feb 17 21:17:56         5     0.00
        53.00           5.7         0.010    Feb 17 21:17:56         5     0.00
        53.10           5.7         0.010    Feb 17 21:17:56         5     0.00
        53.20           5.7         0.010    Feb 17 21:17:56         5     0.00
        53.30           5.8         0.010    Feb 17 21:17:56         5     0.00
        53.40           5.8         0.020    Feb 17 21:17:56         5     0.00
        53.50           5.8         0.010    Feb 17 21:17:56         5     0.00
        53.60           5.8         0.010    Feb 17 21:17:56         5     0.00
        53.70           5.8         0.010    Feb 17 21:17:56         5     0.00
        53.80           5.8         0.010    Feb 17 21:17:56         5     0.00
        53.90           5.8         0.020    Feb 17 21:17:56         5     0.00
        54.00           5.8         0.010    Feb 17 21:17:56         5     0.00
        54.10           5.8         0.010    Feb 17 21:17:56         5     0.00
        54.20           5.9         0.010    Feb 17 21:17:56         5     0.00
        54.30           5.9         0.010    Feb 17 21:17:56         5     0.00
        54.40           5.9         0.010    Feb 17 21:17:56         5     0.00
        54.50           5.9         0.010    Feb 17 21:17:56         5     0.00
        54.60           5.9         0.010    Feb 17 21:17:56         5     0.00
        54.70           5.9         0.020    Feb 17 21:17:57         6     0.00
        54.80           5.9         0.020    Feb 17 21:17:57         6     0.00
        54.90           6.0         0.020    Feb 17 21:17:57         6     0.00
        55.00           6.0         0.010    Feb 17 21:17:57         6     0.00
        55.10           6.0         0.010    Feb 17 21:17:57         6     0.00
        55.20           6.0         0.010    Feb 17 21:17:57         6     0.00
        55.30           6.0         0.010    Feb 17 21:17:57         6     0.00
        55.40           6.0         0.010    Feb 17 21:17:57         6     0.00
        55.50           6.0         0.010    Feb 17 21:17:57         6     0.00
        55.60           6.0         0.010    Feb 17 21:17:57         6     0.00
        55.70           6.0         0.010    Feb 17 21:17:57         6     0.00
        55.80           6.1         0.020    Feb 17 21:17:57         6     0.00
        55.90           6.1         0.010    Feb 17 21:17:57         6     0.00
        56.00           6.1         0.010    Feb 17 21:17:57         6     0.00
        56.10           6.1         0.020    Feb 17 21:17:57         6     0.00
        56.20           6.1         0.010    Feb 17 21:17:57         6     0.00
        56.30           6.1         0.010    Feb 17 21:17:57         6     0.00
        56.40           6.1         0.010    Feb 17 21:17:57         6     0.00
        56.50           6.1         0.010    Feb 17 21:17:57         6     0.00
        56.60           6.2         0.010    Feb 17 21:17:57         6     0.00
        56.70           6.2         0.010    Feb 17 21:17:57         6     0.00
        56.80           6.2         0.020    Feb 17 21:17:57         6     0.00
        56.90           6.2         0.010    Feb 17 21:17:57         6     0.00
        57.00           6.2         0.010    Feb 17 21:17:57         6     0.00
        57.10           6.2         0.010    Feb 17 21:17:57         6     0.00
        57.20           6.2         0.010    Feb 17 21:17:57         6     0.00
        57.30           6.2         0.010    Feb 17 21:17:57         6     0.00
        57.40           6.2         0.010    Feb 17 21:17:57         6     0.00
        57.50           6.3         0.020    Feb 17 21:17:57         6     0.00
        57.60           6.3         0.010    Feb 17 21:17:57         6     0.00
        57.70           6.3         0.010    Feb 17 21:17:57         6     0.00
        57.80           6.3         0.010    Feb 17 21:17:57         6     0.00
        57.90           6.3         0.010    Feb 17 21:17:57         6     0.00
        58.00           6.3         0.010    Feb 17 21:17:57         6     0.00
        58.10           6.3         0.020    Feb 17 21:17:57         6     0.00
        58.20           6.3         0.010    Feb 17 21:17:57         6     0.00
        58.30           6.4         0.010    Feb 17 21:17:57         6     0.00
        58.40           6.4         0.010    Feb 17 21:17:57         6     0.00
        58.50           6.4         0.010    Feb 17 21:17:57         6     0.00
        58.60           6.4         0.010    Feb 17 21:17:57         6     0.00
        58.70           6.4         0.010    Feb 17 21:17:57         6     0.00
        58.80           6.4         0.020    Feb 17 21:17:57         6     0.00
        58.90           6.4         0.010    Feb 17 21:17:57         6     0.00
        59.00           6.4         0.020    Feb 17 21:17:57         6     0.00
        59.10           6.5         0.010    Feb 17 21:17:57         6     0.00
        59.20           6.5         0.010    Feb 17 21:17:57         6     0.00
        59.30           6.5         0.010    Feb 17 21:17:57         6     0.00
        59.40           6.5         0.010    Feb 17 21:17:57         6     0.00
        59.50           6.5         0.010    Feb 17 21:17:57         6     0.00
        59.60           6.5         0.010    Feb 17 21:17:57         6     0.00
        59.70           6.5         0.010    Feb 17 21:17:57         6     0.00
        59.80           6.5         0.010    Feb 17 21:17:57         6     0.00
        59.90           6.5         0.010    Feb 17 21:17:57         6     0.00
        60.00           6.5         0.020    Feb 17 21:17:57         6     0.00
        60.10           6.6         0.020    Feb 17 21:17:57         6     0.00
        60.20           6.6         0.010    Feb 17 21:17:57         6     0.00
        60.30           6.6         0.010    Feb 17 21:17:57         6     0.00
        60.40           6.6         0.010    Feb 17 21:17:57         6     0.00
        60.50           6.6         0.010    Feb 17 21:17:57         6     0.00
        60.60           6.6         0.010    Feb 17 21:17:57         6     0.00
        60.70           6.6         0.010    Feb 17 21:17:57         6     0.00
        60.80           6.6         0.010    Feb 17 21:17:57         6     0.00
        60.90           6.6         0.010    Feb 17 21:17:57         6     0.00
        61.00           6.7         0.010    Feb 17 21:17:57         6     0.00
        61.10           6.7         0.020    Feb 17 21:17:57         6     0.00
        61.20           6.7         0.010    Feb 17 21:17:57         6     0.00
        61.30           6.7         0.010    Feb 17 21:17:57         6     0.00
        61.40           6.7         0.010    Feb 17 21:17:57         6     0.00
        61.50           6.7         0.010    Feb 17 21:17:57         6     0.00
        61.60           6.7         0.010    Feb 17 21:17:57         6     0.00
        61.70           6.7         0.010    Feb 17 21:17:57         6     0.00
        61.80           6.8         0.010    Feb 17 21:17:57         6     0.00
        61.90           6.8         0.030    Feb 17 21:17:57         6     0.00
        62.00           6.8         0.010    Feb 17 21:17:57         6     0.00
        62.10           6.8         0.010    Feb 17 21:17:57         6     0.00
        62.20           6.8         0.010    Feb 17 21:17:57         6     0.00
        62.30           6.8         0.010    Feb 17 21:17:57         6     0.00
        62.40           6.8         0.010    Feb 17 21:17:57         6     0.00
        62.50           6.8         0.010    Feb 17 21:17:57         6     0.00
        62.60           6.9         0.010    Feb 17 21:17:57         6     0.00
        62.70           6.9         0.010    Feb 17 21:17:57         6     0.00
        62.80           6.9         0.010    Feb 17 21:17:57         6     0.00
        62.90           6.9         0.020    Feb 17 21:17:58         7     0.00
        63.00           6.9         0.010    Feb 17 21:17:58         7     0.00
        63.10           6.9         0.010    Feb 17 21:17:58         7     0.00
        63.20           6.9         0.010    Feb 17 21:17:58         7     0.00
        63.30           6.9         0.010    Feb 17 21:17:58         7     0.00
        63.40           7.0         0.020    Feb 17 21:17:58         7     0.00
        63.50           7.0         0.010    Feb 17 21:17:58         7     0.00
        63.60           7.0         0.010    Feb 17 21:17:58         7     0.00
        63.70           7.0         0.010    Feb 17 21:17:58         7     0.00
        63.80           7.0         0.010    Feb 17 21:17:58         7     0.00
        63.90           7.0         0.010    Feb 17 21:17:58         7     0.00
        64.00           7.0         0.020    Feb 17 21:17:58         7     0.00
        64.10           7.0         0.010    Feb 17 21:17:58         7     0.00
        64.20           7.0         0.010    Feb 17 21:17:58         7     0.00
        64.30           7.1         0.020    Feb 17 21:17:58         7     0.00
        64.40           7.1         0.010    Feb 17 21:17:58         7     0.00
        64.50           7.1         0.010    Feb 17 21:17:58         7     0.00
        64.60           7.1         0.010    Feb 17 21:17:58         7     0.00
        64.70           7.1         0.010    Feb 17 21:17:58         7     0.00
        64.80           7.1         0.010    Feb 17 21:17:58         7     0.00
        64.90           7.1         0.010    Feb 17 21:17:58         7     0.00
        65.00           7.1         0.020    Feb 17 21:17:58         7     0.00
        65.10           7.2         0.010    Feb 17 21:17:58         7     0.00
        65.20           7.2         0.010    Feb 17 21:17:58         7     0.00
        65.30           7.2         0.010    Feb 17 21:17:58         7     0.00
        65.40           7.2         0.010    Feb 17 21:17:58         7     0.00
        65.50           7.2         0.010    Feb 17 21:17:58         7     0.00
        65.60           7.2         0.010    Feb 17 21:17:58         7     0.00
        65.70           7.2         0.020    Feb 17 21:17:58         7     0.00
        65.80           7.2         0.010    Feb 17 21:17:58         7     0.00
        65.90           7.2         0.020    Feb 17 21:17:58         7     0.00
        66.00           7.3         0.010    Feb 17 21:17:58         7     0.00
        66.10           7.3         0.010    Feb 17 21:17:58         7     0.00
        66.20           7.3         0.010    Feb 17 21:17:58         7     0.00
        66.30           7.3         0.010    Feb 17 21:17:58         7     0.00
        66.40           7.3         0.010    Feb 17 21:17:58         7     0.00
        66.50           7.3         0.010    Feb 17 21:17:58         7     0.00
        66.60           7.3         0.020    Feb 17 21:17:58         7     0.00
        66.70           7.3         0.010    Feb 17 21:17:58         7     0.00
        66.80           7.3         0.010    Feb 17 21:17:58         7     0.00
        66.90           7.4         0.010    Feb 17 21:17:58         7     0.00
        67.00           7.4         0.020    Feb 17 21:17:58         7     0.00
        67.10           7.4         0.010    Feb 17 21:17:58         7     0.00
        67.20           7.4         0.010    Feb 17 21:17:58         7     0.00
        67.30           7.4         0.010    Feb 17 21:17:58         7     0.00
        67.40           7.4         0.010    Feb 17 21:17:58         7     0.00
        67.50           7.4         0.010    Feb 17 21:17:58         7     0.00
        67.60           7.4         0.010    Feb 17 21:17:58         7     0.00
        67.70           7.4         0.010    Feb 17 21:17:58         7     0.00
        67.80           7.5         0.020    Feb 17 21:17:58         7     0.00
        67.90           7.5         0.010    Feb 17 21:17:58         7     0.00
        68.00           7.5         0.010    Feb 17 21:17:58         7     0.00
        68.10           7.5         0.010    Feb 17 21:17:58         7     0.00
        68.20           7.5         0.010    Feb 17 21:17:58         7     0.00
        68.30           7.5         0.010    Feb 17 21:17:58         7     0.00
        68.40           7.5         0.010    Feb 17 21:17:58         7     0.00
        68.50           7.5         0.010    Feb 17 21:17:58         7     0.00
        68.60           7.6         0.010    Feb 17 21:17:58         7     0.00
        68.70           7.6         0.030    Feb 17 21:17:58         7     0.00
        68.80           7.6         0.010    Feb 17 21:17:58         7     0.00
        68.90           7.6         0.010    Feb 17 21:17:58         7     0.00
        69.00           7.6         0.010    Feb 17 21:17:58         7     0.00
        69.10           7.6         0.010    Feb 17 21:17:58         7     0.00
        69.20           7.6         0.010    Feb 17 21:17:58         7     0.00
        69.30           7.6         0.010    Feb 17 21:17:58         7     0.00
        69.40           7.7         0.010    Feb 17 21:17:58         7     0.00
        69.50           7.7         0.010    Feb 17 21:17:58         7     0.00
        69.60           7.7         0.020    Feb 17 21:17:58         7     0.00
        69.70           7.7         0.010    Feb 17 21:17:58         7     0.00
        69.80           7.7         0.010    Feb 17 21:17:58         7     0.00
        69.90           7.7         0.010    Feb 17 21:17:58         7     0.00
        70.00           7.7         0.010    Feb 17 21:17:58         7     0.00
        70.10           7.7         0.010    Feb 17 21:17:58         7     0.00
        70.20           7.7         0.010    Feb 17 21:17:58         7     0.00
        70.30           7.8         0.020    Feb 17 21:17:58         7     0.00
        70.40           7.8         0.010    Feb 17 21:17:58         7     0.00
        70.50           7.8         0.010    Feb 17 21:17:58         7     0.00
        70.60           7.8         0.020    Feb 17 21:17:58         7     0.00
        70.70           7.8         0.010    Feb 17 21:17:58         7     0.00
        70.80           7.8         0.010    Feb 17 21:17:58         7     0.00
        70.90           7.8         0.010    Feb 17 21:17:58         7     0.00
        71.00           7.8         0.010    Feb 17 21:17:58         7     0.00
        71.10           7.8         0.010    Feb 17 21:17:58         7     0.00
        71.20           7.9         0.010    Feb 17 21:17:59         8     0.00
        71.30           7.9         0.010    Feb 17 21:17:59         8     0.00
        71.40           7.9         0.010    Feb 17 21:17:59         8     0.00
        71.50           7.9         0.010    Feb 17 21:17:59         8     0.00
        71.60           7.9         0.020    Feb 17 21:17:59         8     0.00
        71.70           7.9         0.020    Feb 17 21:17:59         8     0.00
        71.80           7.9         0.010    Feb 17 21:17:59         8     0.00
        71.90           8.0         0.010    Feb 17 21:17:59         8     0.00
        72.00           8.0         0.010    Feb 17 21:17:59         8     0.00
        72.10           8.0         0.010    Feb 17 21:17:59         8     0.00
        72.20           8.0         0.010    Feb 17 21:17:59         8     0.00
        72.30           8.0         0.010    Feb 17 21:17:59         8     0.00
        72.40           8.0         0.010    Feb 17 21:17:59         8     0.00
        72.50           8.0         0.010    Feb 17 21:17:59         8     0.00
        72.60           8.0         0.020    Feb 17 21:17:59         8     0.00
        72.70           8.0         0.010    Feb 17 21:17:59         8     0.00
        72.80           8.1         0.010    Feb 17 21:17:59         8     0.00
        72.90           8.1         0.010    Feb 17 21:17:59         8     0.00
        73.00           8.1         0.010    Feb 17 21:17:59         8     0.00
        73.10           8.1         0.010    Feb 17 21:17:59         8     0.00
        73.20           8.1         0.020    Feb 17 21:17:59         8     0.00
        73.30           8.1         0.010    Feb 17 21:17:59         8     0.00
        73.40           8.1         0.010    Feb 17 21:17:59         8     0.00
        73.50           8.1         0.010    Feb 17 21:17:59         8     0.00
        73.60           8.2         0.020    Feb 17 21:17:59         8     0.00
        73.70           8.2         0.010    Feb 17 21:17:59         8     0.00
        73.80           8.2         0.010    Feb 17 21:17:59         8     0.00
        73.90           8.2         0.010    Feb 17 21:17:59         8     0.00
        74.00           8.2         0.010    Feb 17 21:17:59         8     0.00
        74.10           8.2         0.010    Feb 17 21:17:59         8     0.00
        74.20           8.2         0.010    Feb 17 21:17:59         8     0.00
        74.30           8.2         0.010    Feb 17 21:17:59         8     0.00
        74.40           8.2         0.020    Feb 17 21:17:59         8     0.00
        74.50           8.3         0.020    Feb 17 21:17:59         8     0.00
        74.60           8.3         0.000    Feb 17 21:17:59         8     0.00
        74.70           8.3         0.020    Feb 17 21:17:59         8     0.00
        74.80           8.3         0.010    Feb 17 21:17:59         8     0.00
        74.90           8.3         0.010    Feb 17 21:17:59         8     0.00
        75.00           8.3         0.010    Feb 17 21:17:59         8     0.00
        75.10           8.3         0.020    Feb 17 21:17:59         8     0.00
        75.20           8.3         0.010    Feb 17 21:17:59         8     0.00
        75.30           8.3         0.010    Feb 17 21:17:59         8     0.00
        75.40           8.4         0.010    Feb 17 21:17:59         8     0.00
        75.50           8.4         0.010    Feb 17 21:17:59         8     0.00
        75.60           8.4         0.010    Feb 17 21:17:59         8     0.00
        75.70           8.4         0.010    Feb 17 21:17:59         8     0.00
        75.80           8.4         0.020    Feb 17 21:17:59         8     0.00
        75.90           8.4         0.000    Feb 17 21:17:59         8     0.00
        76.00           8.4         0.010    Feb 17 21:17:59         8     0.00
        76.10           8.4         0.020    Feb 17 21:17:59         8     0.00
        76.20           8.5         0.010    Feb 17 21:17:59         8     0.00
        76.30           8.5         0.010    Feb 17 21:17:59         8     0.00
        76.40           8.5         0.010    Feb 17 21:17:59         8     0.00
        76.50           8.5         0.020    Feb 17 21:17:59         8     0.00
        76.60           8.5         0.010    Feb 17 21:17:59         8     0.00
        76.70           8.5         0.010    Feb 17 21:17:59         8     0.00
        76.80           8.5         0.010    Feb 17 21:17:59         8     0.00
        76.90           8.5         0.010    Feb 17 21:17:59         8     0.00
        77.00           8.5         0.010    Feb 17 21:17:59         8     0.00
        77.10           8.6         0.010    Feb 17 21:17:59         8     0.00
        77.20           8.6         0.010    Feb 17 21:17:59         8     0.00
        77.30           8.6         0.020    Feb 17 21:17:59         8     0.00
        77.40           8.6         0.010    Feb 17 21:17:59         8     0.00
        77.50           8.6         0.010    Feb 17 21:17:59         8     0.00
        77.60           8.6         0.010    Feb 17 21:17:59         8     0.00
        77.70           8.6         0.020    Feb 17 21:17:59         8     0.00
        77.80           8.6         0.000    Feb 17 21:17:59         8     0.00
        77.90           8.7         0.020    Feb 17 21:17:59         8     0.00
        78.00           8.7         0.010    Feb 17 21:17:59         8     0.00
        78.10           8.7         0.020    Feb 17 21:17:59         8     0.00
        78.20           8.7         0.010    Feb 17 21:17:59         8     0.00
        78.30           8.7         0.010    Feb 17 21:17:59         8     0.00
        78.40           8.7         0.010    Feb 17 21:17:59         8     0.00
        78.50           8.7         0.010    Feb 17 21:17:59         8     0.00
        78.60           8.7         0.010    Feb 17 21:17:59         8     0.00
        78.70           8.7         0.010    Feb 17 21:17:59         8     0.00
        78.80           8.8         0.010    Feb 17 21:17:59         8     0.00
        78.90           8.8         0.020    Feb 17 21:17:59         8     0.00
        79.00           8.8         0.010    Feb 17 21:17:59         8     0.00
        79.10           8.8         0.010    Feb 17 21:17:59         8     0.00
        79.20           8.8         0.010    Feb 17 21:17:59         8     0.00
        79.30           8.8         0.010    Feb 17 21:17:59         8     0.00
        79.40           8.8         0.010    Feb 17 21:17:59         8     0.00
        79.50           8.8         0.020    Feb 17 21:18:00         9     0.00
        79.60           8.8         0.010    Feb 17 21:18:00         9     0.00
        79.70           8.9         0.010    Feb 17 21:18:00         9     0.00
        79.80           8.9         0.020    Feb 17 21:18:00         9     0.00
        79.90           8.9         0.010    Feb 17 21:18:00         9     0.00
        80.00           8.9         0.010    Feb 17 21:18:00         9     0.00
        80.10           8.9         0.010    Feb 17 21:18:00         9     0.00
        80.20           8.9         0.010    Feb 17 21:18:00         9     0.00
        80.30           8.9         0.010    Feb 17 21:18:00         9     0.00
        80.40           8.9         0.010    Feb 17 21:18:00         9     0.00
        80.50           8.9         0.010    Feb 17 21:18:00         9     0.00
        80.60           9.0         0.010    Feb 17 21:18:00         9     0.00
        80.70           9.0         0.010    Feb 17 21:18:00         9     0.00
        80.80           9.0         0.010    Feb 17 21:18:00         9     0.00
        80.90           9.0         0.020    Feb 17 21:18:00         9     0.00
        81.00           9.0         0.010    Feb 17 21:18:00         9     0.00
        81.10           9.0         0.020    Feb 17 21:18:00         9     0.00
        81.20           9.0         0.010    Feb 17 21:18:00         9     0.00
        81.30           9.0         0.010    Feb 17 21:18:00         9     0.00
        81.40           9.1         0.010    Feb 17 21:18:00         9     0.00
        81.50           9.1         0.010    Feb 17 21:18:00         9     0.00
        81.60           9.1         0.010    Feb 17 21:18:00         9     0.00
        81.70           9.1         0.010    Feb 17 21:18:00         9     0.00
        81.80           9.1         0.020    Feb 17 21:18:00         9     0.00
        81.90           9.1         0.010    Feb 17 21:18:00         9     0.00
        82.00           9.1         0.010    Feb 17 21:18:00         9     0.00
        82.10           9.1         0.010    Feb 17 21:18:00         9     0.00
        82.20           9.2         0.020    Feb 17 21:18:00         9     0.00
        82.30           9.2         0.010    Feb 17 21:18:00         9     0.00
        82.40           9.2         0.010    Feb 17 21:18:00         9     0.00
        82.50           9.2         0.010    Feb 17 21:18:00         9     0.00
        82.60           9.2         0.010    Feb 17 21:18:00         9     0.00
        82.70           9.2         0.010    Feb 17 21:18:00         9     0.00
        82.80           9.2         0.010    Feb 17 21:18:00         9     0.00
        82.90           9.2         0.010    Feb 17 21:18:00         9     0.00
        83.00           9.2         0.010    Feb 17 21:18:00         9     0.00
        83.10           9.3         0.020    Feb 17 21:18:00         9     0.00
        83.20           9.3         0.010    Feb 17 21:18:00         9     0.00
        83.30           9.3         0.010    Feb 17 21:18:00         9     0.00
        83.40           9.3         0.010    Feb 17 21:18:00         9     0.00
        83.50           9.3         0.010    Feb 17 21:18:00         9     0.00
        83.60           9.3         0.010    Feb 17 21:18:00         9     0.00
        83.70           9.3         0.020    Feb 17 21:18:00         9     0.00
        83.80           9.3         0.020    Feb 17 21:18:00         9     0.00
        83.90           9.4         0.010    Feb 17 21:18:00         9     0.00
        84.00           9.4         0.010    Feb 17 21:18:00         9     0.00
        84.10           9.4         0.010    Feb 17 21:18:00         9     0.00
        84.20           9.4         0.010    Feb 17 21:18:00         9     0.00
        84.30           9.4         0.010    Feb 17 21:18:00         9     0.00
        84.40           9.4         0.010    Feb 17 21:18:00         9     0.00
        84.50           9.4         0.010    Feb 17 21:18:00         9     0.00
        84.60           9.4         0.010    Feb 17 21:18:00         9     0.00
        84.70           9.4         0.010    Feb 17 21:18:00         9     0.00
        84.80           9.4         0.010    Feb 17 21:18:00         9     0.00
        84.90           9.5         0.020    Feb 17 21:18:00         9     0.00
        85.00           9.5         0.020    Feb 17 21:18:00         9     0.00
        85.10           9.5         0.010    Feb 17 21:18:00         9     0.00
        85.20           9.5         0.010    Feb 17 21:18:00         9     0.00
        85.30           9.5         0.010    Feb 17 21:18:00         9     0.00
        85.40           9.5         0.010    Feb 17 21:18:00         9     0.00
        85.50           9.5         0.010    Feb 17 21:18:00         9     0.00
        85.60           9.6         0.010    Feb 17 21:18:00         9     0.00
        85.70           9.6         0.010    Feb 17 21:18:00         9     0.00
        85.80           9.6         0.020    Feb 17 21:18:00         9     0.00
        85.90           9.6         0.010    Feb 17 21:18:00         9     0.00
        86.00           9.6         0.010    Feb 17 21:18:00         9     0.00
        86.10           9.6         0.020    Feb 17 21:18:00         9     0.00
        86.20           9.6         0.010    Feb 17 21:18:00         9     0.00
        86.30           9.6         0.010    Feb 17 21:18:00         9     0.00
        86.40           9.7         0.010    Feb 17 21:18:00         9     0.00
        86.50           9.7         0.010    Feb 17 21:18:00         9     0.00
        86.60           9.7         0.010    Feb 17 21:18:00         9     0.00
        86.70           9.7         0.010    Feb 17 21:18:00         9     0.00
        86.80           9.7         0.010    Feb 17 21:18:00         9     0.00
        86.90           9.7         0.010    Feb 17 21:18:00         9     0.00
        87.00           9.7         0.020    Feb 17 21:18:00         9     0.00
        87.10           9.7         0.010    Feb 17 21:18:00         9     0.00
        87.20           9.7         0.010    Feb 17 21:18:00         9     0.00
        87.30           9.8         0.020    Feb 17 21:18:00         9     0.00
        87.40           9.8         0.010    Feb 17 21:18:00         9     0.00
        87.50           9.8         0.010    Feb 17 21:18:00         9     0.00
        87.60           9.8         0.010    Feb 17 21:18:00         9     0.00
        87.70           9.8         0.010    Feb 17 21:18:00         9     0.00
        87.80           9.8         0.010    Feb 17 21:18:01        10     0.00
        87.90           9.8         0.010    Feb 17 21:18:01        10     0.00
        88.00           9.8         0.010    Feb 17 21:18:01        10     0.00
        88.10           9.8         0.010    Feb 17 21:18:01        10     0.00
        88.20           9.8         0.010    Feb 17 21:18:01        10     0.00
        88.30           9.9         0.020    Feb 17 21:18:01        10     0.00
        88.40           9.9         0.010    Feb 17 21:18:01        10     0.00
        88.50           9.9         0.010    Feb 17 21:18:01        10     0.00
        88.60           9.9         0.020    Feb 17 21:18:01        10     0.00
        88.70           9.9         0.010    Feb 17 21:18:01        10     0.00
        88.80           9.9         0.010    Feb 17 21:18:01        10     0.00
        88.90           9.9         0.010    Feb 17 21:18:01        10     0.00
        89.00           9.9         0.010    Feb 17 21:18:01        10     0.00
        89.10          10.0         0.010    Feb 17 21:18:01        10     0.00
        89.20          10.0         0.010    Feb 17 21:18:01        10     0.00
        89.30          10.0         0.010    Feb 17 21:18:01        10     0.00
        89.40          10.0         0.010    Feb 17 21:18:01        10     0.00
        89.50          10.0         0.020    Feb 17 21:18:01        10     0.00
        89.60          10.0         0.010    Feb 17 21:18:01        10     0.00
        89.70          10.0         0.010    Feb 17 21:18:01        10     0.00
        89.80          10.1         0.020    Feb 17 21:18:01        10     0.00
        89.90          10.1         0.010    Feb 17 21:18:01        10     0.00
        90.00          10.1         0.010    Feb 17 21:18:01        10     0.00
        90.10          10.1         0.010    Feb 17 21:18:01        10     0.00
        90.20          10.1         0.010    Feb 17 21:18:01        10     0.00
        90.30          10.1         0.020    Feb 17 21:18:01        10     0.00
        90.40          10.1         0.010    Feb 17 21:18:01        10     0.00
        90.50          10.1         0.010    Feb 17 21:18:01        10     0.00
        90.60          10.2         0.020    Feb 17 21:18:01        10     0.00
        90.70          10.2         0.010    Feb 17 21:18:01        10     0.00
        90.80          10.2         0.010    Feb 17 21:18:01        10     0.00
        90.90          10.2         0.010    Feb 17 21:18:01        10     0.00
        91.00          10.2         0.010    Feb 17 21:18:01        10     0.00
        91.10          10.2         0.010    Feb 17 21:18:01        10     0.00
        91.20          10.2         0.010    Feb 17 21:18:01        10     0.00
        91.30          10.2         0.010    Feb 17 21:18:01        10     0.00
        91.40          10.2         0.020    Feb 17 21:18:01        10     0.00
        91.50          10.2         0.010    Feb 17 21:18:01        10     0.00
        91.60          10.3         0.010    Feb 17 21:18:01        10     0.00
        91.70          10.3         0.010    Feb 17 21:18:01        10     0.00
        91.80          10.3         0.010    Feb 17 21:18:01        10     0.00
        91.90          10.3         0.020    Feb 17 21:18:01        10     0.00
        92.00          10.3         0.010    Feb 17 21:18:01        10     0.00
        92.10          10.3         0.010    Feb 17 21:18:01        10     0.00
        92.20          10.3         0.010    Feb 17 21:18:01        10     0.00
        92.30          10.3         0.010    Feb 17 21:18:01        10     0.00
        92.40          10.4         0.020    Feb 17 21:18:01        10     0.00
        92.50          10.4         0.010    Feb 17 21:18:01        10     0.00
        92.60          10.4         0.010    Feb 17 21:18:01        10     0.00
        92.70          10.4         0.010    Feb 17 21:18:01        10     0.00
        92.80          10.4         0.010    Feb 17 21:18:01        10     0.00
        92.90          10.4         0.010    Feb 17 21:18:01        10     0.00
        93.00          10.4         0.010    Feb 17 21:18:01        10     0.00
        93.10          10.4         0.020    Feb 17 21:18:01        10     0.00
        93.20          10.4         0.010    Feb 17 21:18:01        10     0.00
        93.30          10.5         0.010    Feb 17 21:18:01        10     0.00
        93.40          10.5         0.010    Feb 17 21:18:01        10     0.00
        93.50          10.5         0.010    Feb 17 21:18:01        10     0.00
        93.60          10.5         0.010    Feb 17 21:18:01        10     0.00
        93.70          10.5         0.010    Feb 17 21:18:01        10     0.00
        93.80          10.5         0.010    Feb 17 21:18:01        10     0.00
        93.90          10.5         0.020    Feb 17 21:18:01        10     0.00
        94.00          10.5         0.020    Feb 17 21:18:01        10     0.00
        94.10          10.6         0.010    Feb 17 21:18:01        10     0.00
        94.20          10.6         0.010    Feb 17 21:18:01        10     0.00
        94.30          10.6         0.010    Feb 17 21:18:01        10     0.00
        94.40          10.6         0.010    Feb 17 21:18:01        10     0.00
        94.50          10.6         0.010    Feb 17 21:18:01        10     0.00
        94.60          10.6         0.010    Feb 17 21:18:01        10     0.00
        94.70          10.6         0.010    Feb 17 21:18:01        10     0.00
        94.80          10.6         0.020    Feb 17 21:18:01        10     0.00
        94.90          10.6         0.010    Feb 17 21:18:01        10     0.00
        95.00          10.7         0.010    Feb 17 21:18:01        10     0.00
        95.10          10.7         0.010    Feb 17 21:18:01        10     0.00
        95.20          10.7         0.010    Feb 17 21:18:01        10     0.00
        95.30          10.7         0.010    Feb 17 21:18:01        10     0.00
        95.40          10.7         0.010    Feb 17 21:18:01        10     0.00
        95.50          10.7         0.010    Feb 17 21:18:01        10     0.00
        95.60          10.7         0.010    Feb 17 21:18:01        10     0.00
        95.70          10.7         0.020    Feb 17 21:18:01        10     0.00
        95.80          10.8         0.020    Feb 17 21:18:01        10     0.00
        95.90          10.8         0.010    Feb 17 21:18:01        10     0.00
        96.00          10.8         0.010    Feb 17 21:18:01        10     0.00
        96.10          10.8         0.010    Feb 17 21:18:01        10     0.00
        96.20          10.8         0.010    Feb 17 21:18:02        11     0.00
        96.30          10.8         0.010    Feb 17 21:18:02        11     0.00
        96.40          10.8         0.010    Feb 17 21:18:02        11     0.00
        96.50          10.8         0.010    Feb 17 21:18:02        11     0.00
        96.60          10.8         0.010    Feb 17 21:18:02        11     0.00
        96.70          10.9         0.010    Feb 17 21:18:02        11     0.00
        96.80          10.9         0.020    Feb 17 21:18:02        11     0.00
        96.90          10.9         0.010    Feb 17 21:18:02        11     0.00
        97.00          10.9         0.020    Feb 17 21:18:02        11     0.00
        97.10          10.9         0.010    Feb 17 21:18:02        11     0.00
        97.20          10.9         0.010    Feb 17 21:18:02        11     0.00
        97.30          10.9         0.010    Feb 17 21:18:02        11     0.00
        97.40          11.0         0.020    Feb 17 21:18:02        11     0.00
        97.50          11.0         0.010    Feb 17 21:18:02        11     0.00
        97.60          11.0         0.010    Feb 17 21:18:02        11     0.00
        97.70          11.0         0.020    Feb 17 21:18:02        11     0.00
        97.80          11.0         0.010    Feb 17 21:18:02        11     0.00
        97.90          11.0         0.020    Feb 17 21:18:02        11     0.00
        98.00          11.0         0.010    Feb 17 21:18:02        11     0.00
        98.10          11.0         0.010    Feb 17 21:18:02        11     0.00
        98.20          11.1         0.010    Feb 17 21:18:02        11     0.00
        98.30          11.1         0.010    Feb 17 21:18:02        11     0.00
        98.40          11.1         0.010    Feb 17 21:18:02        11     0.00
        98.50          11.1         0.010    Feb 17 21:18:02        11     0.00
        98.60          11.1         0.010    Feb 17 21:18:02        11     0.00
        98.70          11.1         0.020    Feb 17 21:18:02        11     0.00
        98.80          11.1         0.010    Feb 17 21:18:02        11     0.00
        98.90          11.1         0.020    Feb 17 21:18:02        11     0.00
        99.00          11.2         0.010    Feb 17 21:18:02        11     0.00
        99.10          11.2         0.010    Feb 17 21:18:02        11     0.00
        99.20          11.2         0.010    Feb 17 21:18:02        11     0.00
        99.30          11.2         0.010    Feb 17 21:18:02        11     0.00
        99.40          11.2         0.010    Feb 17 21:18:02        11     0.00
        99.50          11.2         0.010    Feb 17 21:18:02        11     0.00
        99.60          11.2         0.010    Feb 17 21:18:02        11     0.00
        99.70          11.2         0.010    Feb 17 21:18:02        11     0.00
        99.80          11.2         0.010    Feb 17 21:18:02        11     0.00
        99.90          11.2         0.020    Feb 17 21:18:02        11     0.00
       100.00          11.3         0.010    Feb 17 21:18:02        11     0.00
