#    time[fs]         Re(autocorrel)     Im(autocorrel)     Abs(autocorrel)
     0.00000000       1.00000000000000   0.00000000000000   1.00000000000000
    0.200000000      -0.25728014417067   0.95413095761787   0.98820997610289
    0.400000000      -0.82356713890760  -0.48101072558151   0.95374742485256
    0.600000000       0.64349781240829  -0.62808419281177   0.89921031346080
    0.800000000       0.39642713825597   0.72754499698366   0.82853859208957
     1.00000000      -0.72895047819005   0.16096498229903   0.74651090091172
     1.20000000       0.04808500641187  -0.65642199762230   0.65818083138609
     1.40000000       0.52905308155301   0.20766115287227   0.56834876397593
     1.60000000      -0.30511581452301   0.37202886626383   0.48114565113445
     1.80000000      -0.21157462531272  -0.33919591244308   0.39977204641434
     2.00000000       0.31875008734071  -0.07025013098353   0.32639960031059
     2.20000000      -0.03647739344234   0.25966322424124   0.26221287202520
     2.40000000      -0.18085736843747  -0.10182127275999   0.20754989593972
     2.60000000       0.12732925761616  -0.10031413115663   0.16209770126313
     2.80000000       0.03194948310569   0.12095104117602   0.12509965560418
     3.00000000      -0.09417440120723  -0.01612755035460   0.09554535950626
     3.20000000       0.04183071380777  -0.05900107149821   0.07232520346052
     3.40000000       0.02545021205222   0.04801525559783   0.05434315102777
     3.60000000      -0.04058944827083   0.00004085423207   0.04058946883120
     3.80000000       0.01460476681206  -0.02641075747988   0.03017991590935
     4.00000000       0.01149809032363   0.01918855971031   0.02236977659357
     4.20000000      -0.01655074631892  -0.00009086446623   0.01655099574238
     4.40000000       0.00660552237294  -0.01030387802699   0.01223939656251
     4.60000000       0.00367030600852   0.00828025283135   0.00905724754808
     4.80000000      -0.00660048973303  -0.00123342820479   0.00671474570272
     5.00000000       0.00359779199459  -0.00346144650496   0.00499256638844
     5.20000000       0.00047812769805   0.00369574223230   0.00372654219662
     5.40000000      -0.00241758453103  -0.00140239769659   0.00279489432073
     5.60000000       0.00196175845598  -0.00077124003241   0.00210791542222
     5.80000000      -0.00049058595527   0.00152280029059   0.00159987352767
     6.00000000      -0.00064728272344  -0.00103740969327   0.00122278117247
     6.20000000       0.00092996096683   0.00014810142475   0.00094168011121
     6.40000000      -0.00056702395109   0.00046154458915   0.00073112212994
     6.60000000       0.00003421445987  -0.00057155093110   0.00057257409660
     6.80000000       0.00031017803787   0.00032949033896   0.00045251994282
     7.00000000      -0.00036105149102  -0.00000463616409   0.00036108125565
     7.20000000       0.00020726989045  -0.00020428245689   0.00029101912253
     7.40000000      -0.00000306970310   0.00023699240746   0.00023701228717
     7.60000000      -0.00013385895074  -0.00014198289331   0.00019513421198
     7.80000000       0.00016221890681   0.00000913897192   0.00016247613528
     8.00000000      -0.00010535546630   0.00008737918224   0.00013687547541
     8.20000000       0.00001619021101  -0.00011558805551   0.00011671641491
     8.40000000       0.00005616535103   0.00008368661210   0.00010078688258
     8.60000000      -0.00008525851073  -0.00002249483949   0.00008817613881
     8.80000000       0.00007021471240  -0.00003441760141   0.00007819640096
     9.00000000      -0.00002795734054   0.00006453319225   0.00007032884040
     9.20000000      -0.00001838255776  -0.00006149470371   0.00006418346371
     9.40000000       0.00004950262649   0.00003295538255   0.00005946904462
     9.60000000      -0.00005569335398   0.00000558565638   0.00005597275440
     9.80000000       0.00003797731087  -0.00003774616157   0.00005354483032
     10.0000000      -0.00000572802813   0.00005177334603   0.00005208924712
     10.2000000      -0.00002759713377  -0.00004355011192   0.00005155787079
     10.4000000       0.00004908995943   0.00001699419382   0.00005194830835
     10.6000000      -0.00005028649037   0.00001768366421   0.00005330518824
     10.8000000       0.00002966708210  -0.00004717328188   0.00005572660302
     11.0000000       0.00000656825507   0.00005900903882   0.00005937346745
     11.2000000      -0.00004559610751  -0.00004560069972   0.00006448588089
     11.4000000       0.00007099741053   0.00000765390464   0.00007140878488
     11.6000000      -0.00006763450264   0.00004388710069   0.00008062570034
     11.8000000       0.00002794911005  -0.00008850445212   0.00009281266507
     12.0000000       0.00004153113618   0.00010068329252   0.00010891262858
     12.2000000      -0.00011592929411  -0.00005935519617   0.00013024070234
     12.4000000       0.00015394946863  -0.00003831132053   0.00015864487439
     12.6000000      -0.00011068888383   0.00016263173383   0.00019672597656
     12.8000000      -0.00003594400926  -0.00024554729960   0.00024816415564
     13.0000000       0.00024990341773   0.00019695738748   0.00031818851437
     13.2000000      -0.00041188736382   0.00004420117773   0.00041425227168
     13.4000000       0.00034048395545  -0.00042811326282   0.00054700117890
     13.6000000       0.00010134945687   0.00072461218348   0.00073166558540
     13.8000000      -0.00081650267985  -0.00055989526138   0.00099002996415
     14.0000000       0.00131093902379  -0.00033551442760   0.00135319291131
     14.2000000      -0.00080609041242   0.00168222532649   0.00186538569794
     14.4000000      -0.00112390172002  -0.00233249407527   0.00258914728964
     14.6000000       0.00353810836264   0.00072760386338   0.00361214869126
     14.8000000      -0.00373480664043   0.00340787217568   0.00505592458480
     15.0000000      -0.00095454154611  -0.00702211645129   0.00708669662246
     15.2000000       0.00895857185288   0.00427936050656   0.00992818895813
     15.4000000      -0.01169648797621   0.00746549836020   0.01387593228376
     15.6000000      -0.00066316831065  -0.01930047558352   0.01931186552247
     15.8000000       0.02374053177211   0.01225501581178   0.02671700322584
     16.0000000      -0.03015499230627   0.02088074093993   0.03667872548483
     16.2000000      -0.00688810504167  -0.04941015368292   0.04988796726701
     16.4000000       0.06396267347293   0.02034622968859   0.06712073197117
     16.6000000      -0.05980312805370   0.06618112511986   0.08919840495849
     16.8000000      -0.04849444813609  -0.10639188327582   0.11692281354381
     17.0000000       0.15088364186428  -0.00553738751842   0.15098521796109
     17.2000000      -0.06367548763336   0.18097820577128   0.19185327385672
     17.4000000      -0.18348958587377  -0.15414863741040   0.23964605262680
     17.6000000       0.25444416184352  -0.14731606607128   0.29401335823219
     17.8000000       0.06657876250609   0.34772379150295   0.35404034627996
     18.0000000      -0.41431880375573  -0.05684362695630   0.41820003475744
     18.2000000       0.21212446431821  -0.43545443583257   0.48437315578854
     18.4000000       0.39740212500379   0.38014814053725   0.54994641349086
     18.6000000      -0.53612390708646   0.29512709406023   0.61198761866404
     18.8000000      -0.13451221774882  -0.65378767283941   0.66748172849935
     19.0000000       0.71039848091282   0.06751032239410   0.71359907883418
     19.2000000      -0.28514635201056   0.69147257452237   0.74795906531141
     19.4000000      -0.59417775166059  -0.48794033421653   0.76885172193588
     19.6000000       0.64619219903024  -0.42855510018284   0.77538624696358
     19.8000000       0.21619538734221   0.73647088745341   0.76754792265660
     20.0000000      -0.74603946766413  -0.01343291573664   0.74616039196527
     20.2000000       0.22826821773393  -0.67522409672356   0.71276501038110
     20.4000000       0.53721032809497   0.39944379139240   0.66944027298471
     20.6000000      -0.50635616561033   0.35532679556901   0.61859008891263
     20.8000000      -0.15843643169081  -0.53996572809264   0.56273003332107
     21.0000000       0.50369848171054   0.02453843739342   0.50429584113614
     21.2000000      -0.16977485227143   0.41187245095224   0.44549120790111
     21.4000000      -0.28612333459954  -0.26233500604418   0.38818322735348
     21.6000000       0.29788757999977  -0.15071925786829   0.33384622958855
     21.8000000       0.02783821390982   0.28217880628912   0.28354866402867
     22.0000000      -0.22858184642335  -0.06619696259788   0.23797415483932
     22.2000000       0.12303631912558  -0.15445056112421   0.19746622915211
     22.4000000       0.07719627219529   0.14252300287568   0.16208661508450
     22.6000000      -0.13122125615003   0.01096360724266   0.13167846729577
     22.8000000       0.03546359352270  -0.09981509580360   0.10592789913817
     23.0000000       0.06012227775788   0.05926172195366   0.08441942887575
     23.2000000      -0.06279080910378   0.02244812100402   0.06668286020050
     23.4000000       0.00618868348026  -0.05186272802684   0.05223066495465
     23.6000000       0.03363029346441   0.02272054972603   0.04058595838902
     23.8000000      -0.02765543888860   0.01466228383043   0.03130185085973
     24.0000000       0.00038099736871  -0.02397018692158   0.02397321463739
     24.2000000       0.01570209565277   0.00928635890722   0.01824259492623
     24.4000000      -0.01209097660312   0.00665518813599   0.01380156673507
     24.6000000       0.00048083668594  -0.01037774656175   0.01038887999827
     24.8000000       0.00637260027119   0.00447499243181   0.00778688586542
     25.0000000      -0.00541115564881   0.00213470097374   0.00581700556154
     25.2000000       0.00096447101565  -0.00422624574912   0.00433489993794
     25.4000000       0.00214784872917   0.00240652814388   0.00322562116044
     25.6000000      -0.00238860466991   0.00022261708587   0.00239895615550
     25.8000000       0.00094979328731  -0.00151134620870   0.00178501390784
     26.0000000       0.00044006419124   0.00125537621844   0.00133027288263
     26.2000000      -0.00093237658901  -0.00034481456926   0.00099409415596
     26.4000000       0.00065231766843  -0.00036163420221   0.00074585362958
     26.6000000      -0.00012454387432   0.00054864700219   0.00056260528761
     26.8000000      -0.00024096041421  -0.00035282565078   0.00042725620073
     27.0000000       0.00032252525663   0.00005469544146   0.00032713014609
     27.2000000      -0.00020623706452   0.00014635864243   0.00025289242574
     27.4000000       0.00003664111099  -0.00019425753795   0.00019768298375
     27.6000000       0.00008356536866   0.00013228406528   0.00015646803114
     27.8000000      -0.00012088915378  -0.00003400704073   0.00012558131359
     28.0000000       0.00009245541553  -0.00004389071680   0.00010234451076
     28.2000000      -0.00003495578960   0.00007725915235   0.00008479907929
     28.4000000      -0.00001867549553  -0.00006904112885   0.00007152238535
     28.6000000       0.00004967993646   0.00003621739338   0.00006148004286
     28.8000000      -0.00005387819386   0.00000192839290   0.00005391269306
     29.0000000       0.00003717459582  -0.00003080143136   0.00004827710377
     29.2000000      -0.00001010073600   0.00004300995169   0.00004418009521
     29.4000000      -0.00001652597870  -0.00003790103726   0.00004134726832
     29.6000000       0.00003431363263   0.00001975330225   0.00003959316020
     29.8000000      -0.00003856620378   0.00000433964956   0.00003880959459
     30.0000000       0.00002861703672  -0.00002641706766   0.00003894606853
     30.2000000      -0.00000760498532   0.00003928889694   0.00004001816118
     30.4000000      -0.00001814349404  -0.00003798649500   0.00004209703289
     30.6000000       0.00004011875534   0.00002109138133   0.00004532505815
     30.8000000      -0.00004926183016   0.00000812350926   0.00004992714005
     31.0000000       0.00003841128451  -0.00004106782823   0.00005623160404
     31.2000000      -0.00000562138072   0.00006446372067   0.00006470835498
     31.4000000      -0.00004224456676  -0.00006319329610   0.00007601313106
     31.6000000       0.00008718732085   0.00002626208147   0.00009105671771
     31.8000000      -0.00010187983325   0.00004433934793   0.00011111020744
     32.0000000       0.00005897691053  -0.00012468516807   0.00013792993552
     32.2000000       0.00005026928091   0.00016652744564   0.00017394939136
     32.4000000      -0.00019257843759  -0.00011157728090   0.00022256671863
     32.6000000       0.00027979606085  -0.00007018974143   0.00028846565734
     32.8000000      -0.00019280817942   0.00032530102090   0.00037814778626
     33.0000000      -0.00013571133895  -0.00048185076803   0.00050059737332
     33.2000000       0.00059674019191   0.00030062719873   0.00066818827380
     33.4000000      -0.00083275821751   0.00033567438470   0.00089786610437
     33.6000000       0.00037855477934  -0.00115218630414   0.00121278068933
     33.8000000       0.00089161217786   0.00138157166770   0.00164429697704
     34.0000000      -0.00222616306964  -0.00019383803968   0.00223458613578
     34.2000000       0.00201958361222  -0.00227185517218   0.00303974405010
     34.4000000       0.00091893767239   0.00402999686474   0.00413343938816
     34.6000000      -0.00521861028394  -0.00206126080730   0.00561094371843
     34.8000000       0.00620946560825  -0.00437086908654   0.00759354724168
     35.0000000       0.00051682954339   0.01022008048456   0.01023314017727
     35.2000000      -0.01207349152051  -0.00651050462190   0.01371699194166
     35.4000000       0.01559524430429  -0.00952169749112   0.01827222942125
     35.6000000       0.00087493275383   0.02415369655440   0.02416953794688
     35.8000000      -0.02842293567318  -0.01409280770041   0.03172491924595
     36.0000000       0.03340186902421  -0.02428742686872   0.04129847404219
     36.2000000       0.00854047299979   0.05259992037797   0.05328875399959
     36.4000000      -0.06521148554820  -0.01969888307496   0.06812183087531
     36.6000000       0.05782002036063  -0.06397740457485   0.08623376978097
     36.8000000       0.04272837619361   0.09923929423949   0.10804698817318
     37.0000000      -0.13393102424106  -0.00149816699990   0.13393940330844
     37.2000000       0.06664934929763  -0.15007365239499   0.16420790755920
     37.4000000       0.13660946194734   0.14473811241918   0.19902579300234
     37.6000000      -0.22225994955811   0.08621947796976   0.23839732288546
     37.8000000       0.00199498476978  -0.28210396864476   0.28211102263002
     38.0000000       0.30674097828622   0.12087253415780   0.32969712961098
     38.2000000      -0.25518602650270   0.28209797885239   0.38039345130384
     38.4000000      -0.20126654824270  -0.38352316216337   0.43312612407626
     38.6000000       0.48185843632687  -0.06712401254101   0.48651123904693
     38.8000000      -0.10688828312375   0.52817601538363   0.53888311190431
     39.0000000      -0.50717860650039  -0.29820970784194   0.58835292872803
     39.2000000       0.47870303266705  -0.41401092171672   0.63289938914914
     39.4000000       0.25607988155655   0.61965978068947   0.67048873931046
     39.6000000      -0.69724754830771   0.05244444193914   0.69921710727886
     39.8000000       0.16921180425188  -0.69722413538322   0.71746367828557
     40.0000000       0.61786826143831   0.37745417264888   0.72403925373066
     40.2000000      -0.54280942293361   0.47045663678491   0.71831157356713
     40.4000000      -0.27716550723769  -0.64310637355404   0.70029031558930
     40.6000000       0.66731619693091  -0.06685299934591   0.67065656651365
     40.8000000      -0.13035151230120   0.61711209699668   0.63072883002036
     41.0000000      -0.50589335987245  -0.28848127347172   0.58236546661603
     41.2000000       0.39005476041075  -0.35558987279063   0.52781329440470
     41.4000000       0.19203945506366   0.42845107364850   0.46952047326150
     41.6000000      -0.40798088763114   0.03999913979291   0.40993699010515
     41.8000000       0.08114128966140  -0.34182951878269   0.35132795049515
     42.0000000       0.24850441820747   0.16011749319440   0.29562147671557
     42.2000000      -0.19460931400811   0.14769221814098   0.24430672605991
     42.4000000      -0.05646754811481  -0.19018222109877   0.19838815794336
     42.6000000       0.15782690646544   0.01339182842548   0.15839404494181
     42.8000000      -0.05657232502154   0.11082505349730   0.12442917841496
     43.0000000      -0.06172323059437  -0.07386332017800   0.09625771274409
     43.2000000       0.07060713468644  -0.02005495430712   0.07340005899786
     43.4000000      -0.00882385978063   0.05451971239501   0.05522915481033
     43.6000000      -0.03349271221745  -0.02374315374388   0.04105483067054
     43.8000000       0.02680894518956  -0.01388084795949   0.03018936041474
     44.0000000      -0.00043480104886   0.02198819300144   0.02199249152372
     44.2000000      -0.01364046858951  -0.00816540887188   0.01589768176139
     44.4000000       0.01008525054558  -0.00536540147449   0.01142365141054
     44.6000000      -0.00062816511158   0.00815118128989   0.00817535001257
     44.8000000      -0.00458908191872  -0.00360883681414   0.00583809695088
     45.0000000       0.00399241306535  -0.00119672226225   0.00416791389754
     45.2000000      -0.00100939999878   0.00280398516159   0.00298013777265
     45.4000000      -0.00114485707792  -0.00180549260835   0.00213787307566
     45.6000000       0.00153061849409   0.00018157669617   0.00154135105380
     45.8000000      -0.00082095803928   0.00076002859442   0.00111875625880
     46.0000000      -0.00001552121086  -0.00081875788334   0.00081890498809
     46.2000000       0.00045109232668   0.00040395953273   0.00060553083429
     46.4000000      -0.00045192262152   0.00003201465592   0.00045305517770
     46.6000000       0.00022608928714  -0.00025861181896   0.00034350609698
     46.8000000       0.00001192751149   0.00026403138093   0.00026430065389
     47.0000000      -0.00014702726282  -0.00014516397762   0.00020661460842
     47.2000000       0.00016412351897   0.00000786566472   0.00016431189293
     47.4000000      -0.00010433161689   0.00008254972906   0.00013303963338
     47.6000000       0.00002144351786  -0.00010765055879   0.00010976551037
     47.8000000       0.00004404884587   0.00008117127549   0.00009235300097
     48.0000000      -0.00007335173633  -0.00003005487446   0.00007927025105
     48.2000000       0.00006657054937  -0.00001972863292   0.00006943239158
     48.4000000      -0.00003565742587   0.00005082693430   0.00006208727140
     48.6000000      -0.00000309213761  -0.00005658942959   0.00005667384632
     48.8000000       0.00003473462157   0.00003976632628   0.00005280013865
     49.0000000      -0.00004929735340  -0.00000953536100   0.00005021107609
     49.2000000       0.00004342111369  -0.00002208418352   0.00004871451812
     49.4000000      -0.00002042840442   0.00004365883849   0.00004820180375
     49.6000000      -0.00001096117276  -0.00004736932785   0.00004862098856
     49.8000000       0.00003901435443   0.00003122480249   0.00004997107306
     50.0000000      -0.00005229702590  -0.00000009859499   0.00005229711884
     50.2000000       0.00004343492256  -0.00003486929270   0.00005569973133
     50.4000000      -0.00001253263869   0.00005900077982   0.00006031715387
     50.6000000      -0.00003082447961  -0.00005882030680   0.00006640765796
     50.8000000       0.00006871216429   0.00002808779324   0.00007423129832
     51.0000000      -0.00007993086932   0.00002653542545   0.00008422038158
     51.2000000       0.00004919327882  -0.00008350538297   0.00009691814931
     51.4000000       0.00002193817879   0.00011087518874   0.00011302473697
     51.6000000      -0.00010726805667  -0.00007946074077   0.00013349324067
     51.8000000       0.00015863778860  -0.00001772079120   0.00015962447937
     52.0000000      -0.00012427649686   0.00014766682125   0.00019300294757
     52.2000000      -0.00001694557253  -0.00023529613236   0.00023590553689
     52.4000000       0.00021990643673   0.00019108317950   0.00029132734578
     52.6000000      -0.00036198232911   0.00002916625554   0.00036315544475
     52.8000000       0.00028797247694  -0.00035459260654   0.00045679761830
     53.0000000       0.00008036183549   0.00057387081782   0.00057947022369
     53.2000000      -0.00061266920149  -0.00041662723644   0.00074090607003
     53.4000000       0.00092451313662  -0.00023687690732   0.00095437686949
     53.6000000      -0.00054731585231   0.00111029608821   0.00123786592395
     53.8000000      -0.00065649325418  -0.00147636610421   0.00161574758748
     54.0000000       0.00204922352026   0.00054764134870   0.00212113839312
     54.2000000      -0.00223575005877   0.00168341074350   0.00279865147109
     54.4000000       0.00001179224331  -0.00370844284609   0.00370846159475
     54.6000000       0.00396798448294   0.00292791438198   0.00493128618974
     54.8000000      -0.00624350925780   0.00206155258969   0.00657505946226
     55.0000000       0.00243269367354  -0.00843972868026   0.00878333756073
     55.2000000       0.00763395398534   0.00892689700127   0.01174592454946
     55.4000000      -0.01555354536087   0.00222276045803   0.01571157017444
     55.6000000       0.00829824099483  -0.01929380543918   0.02100266011564
     55.8000000       0.01660824279203   0.02258129941948   0.02803121139214
     56.0000000      -0.03703942895621   0.00452535839142   0.03731485181497
     56.2000000       0.01803083024095  -0.04608833337860   0.04948985060389
     56.4000000       0.04314763598759   0.04903776347498   0.06531784394747
     56.6000000      -0.08272242423915   0.02231929200761   0.08568051276529
     56.8000000       0.01957355043923  -0.10982524763755   0.11155585549601
     57.0000000       0.11895801913833   0.08109381284576   0.14396949954479
     57.2000000      -0.15502660337419   0.09894982912011   0.18391388320797
     57.4000000      -0.04176913630781  -0.22844450711909   0.23223168082926
     57.6000000       0.28426042201680   0.05463613303764   0.28946345979843
     57.8000000      -0.18433937849310   0.30416945865432   0.35566847771665
     58.0000000      -0.27249342477966  -0.33294244427518   0.43023637427359
     58.2000000       0.47896799422649  -0.18013159826711   0.51172036522657
     58.4000000       0.02767923808543   0.59708837551525   0.59772959471356
     58.6000000      -0.66267841545785  -0.17313586885167   0.68492241268391
     58.8000000       0.40023336088289  -0.65679677192358   0.76913506146375
     59.0000000       0.57050801325953   0.62423072484447   0.84566151090918
     59.2000000      -0.81328297520906   0.40752393606595   0.90967299412018
     59.4000000      -0.18446128629032  -0.93878030679399   0.95673111717143
     59.6000000       0.98071892283424   0.07147449451921   0.98331999317208
     59.8000000      -0.32699197509858   0.93158455433447   0.98730620055453
     60.0000000      -0.79788707979422  -0.54850906158839   0.96823859804654
     60.2000000       0.70804217319213  -0.59899619983795   0.92742663668828
     60.4000000       0.36352526850763   0.78796504487231   0.86777850444925
     60.6000000      -0.78367185338625   0.12404986389673   0.79342922968759
     60.8000000       0.08870422894487  -0.70366004339419   0.70922908633404
     61.0000000       0.56712860431462   0.25098981966063   0.62018605547459
     61.2000000      -0.34947664956361   0.39972576803193   0.53095632421031
     61.4000000      -0.22844635700963  -0.38241669732076   0.44545512503583
     61.6000000       0.35849303688016  -0.07679293384263   0.36662571129112
     61.8000000      -0.03883108382886   0.29381566426479   0.29637054111143
     62.0000000      -0.20789104966631  -0.11089217170340   0.23561783098157
     62.2000000       0.14052068291991  -0.11952888601616   0.18448093917947
     62.4000000       0.04355074968754   0.13564488334023   0.14246474011042
     62.6000000      -0.10810639198784  -0.01112720781402   0.10867753559206
     62.8000000       0.04185239988713  -0.07053894307853   0.08202052101120
     63.0000000       0.03372636838928   0.05123343716296   0.06133785950178
     63.2000000      -0.04525471379963   0.00492897220961   0.04552234493224
     63.4000000       0.01264388940962  -0.03110801583849   0.03357940721351
     63.6000000       0.01529525767155   0.01933953366840   0.02465689497383
     63.8000000      -0.01789276004716   0.00238379617076   0.01805085444762
     64.0000000       0.00544490300073  -0.01202009424018   0.01319581881620
     64.2000000       0.00518072830442   0.00813895998612   0.00964793322012
     64.4000000      -0.00706193487616  -0.00022740102140   0.00706559519218
     64.6000000       0.00314550165250  -0.00412836899904   0.00519014558930
     64.8000000       0.00106405153413   0.00367797257508   0.00382879719107
     65.0000000      -0.00264238260753  -0.00103998503698   0.00283967510848
     65.2000000       0.00183774001741  -0.00105584825974   0.00211945840233
     65.4000000      -0.00026953332745   0.00157045091198   0.00159341277814
     65.6000000      -0.00077150003864  -0.00092907007211   0.00120763550317
     65.8000000       0.00092308427480   0.00002808169943   0.00092351132112
     66.0000000      -0.00049577384198   0.00051260880132   0.00071313356784
     66.2000000      -0.00002775007682  -0.00055567840050   0.00055637087590
     66.4000000       0.00033127957118   0.00028784652799   0.00043886419079
     66.6000000      -0.00034909362993   0.00002725355119   0.00035015584889
     66.8000000       0.00018443043127  -0.00021413566073   0.00028261044775
     67.0000000       0.00001384742461   0.00023046838723   0.00023088401565
     67.2000000      -0.00013984401657  -0.00013017724027   0.00019105617722
     67.4000000       0.00016002236186  -0.00000038530710   0.00016002282574
     67.6000000      -0.00009976740126   0.00009212188560   0.00013579387379
     67.8000000       0.00001045789346  -0.00011630274312   0.00011677198120
     68.0000000       0.00006067355648   0.00008169210948   0.00010175893674
     68.2000000      -0.00008785169394  -0.00001884160312   0.00008984946375
     68.4000000       0.00007039686151  -0.00003885946737   0.00008041005108
     68.6000000      -0.00002548642100   0.00006840288398   0.00007299665878
     68.8000000      -0.00002287648173  -0.00006317924740   0.00006719338299
     69.0000000       0.00005430996600   0.00003137442413   0.00006272102436
     69.2000000      -0.00005854831693   0.00001015413296   0.00005942231762
     69.4000000       0.00003713000693  -0.00004340256512   0.00005711759863
     69.6000000      -0.00000104317507   0.00005576829150   0.00005577804721
     69.8000000      -0.00003420855770  -0.00004346314105   0.00005531066850
     70.0000000       0.00005439287089   0.00001215447967   0.00005573433215
     70.2000000      -0.00005108501309   0.00002549381740   0.00005709302311
     70.4000000       0.00002452922318  -0.00005416592829   0.00005946116865
     70.6000000       0.00001609545472   0.00006097022212   0.00006305895375
     70.8000000      -0.00005502724586  -0.00003996794260   0.00006801054494
     71.0000000       0.00007456721335  -0.00000438919934   0.00007469628089
     71.2000000      -0.00006106213360   0.00005695086880   0.00008349841685
     71.4000000       0.00001174871342  -0.00009436823797   0.00009509677494
     71.6000000       0.00006030593220   0.00009236372179   0.00011030803489
     71.8000000      -0.00012508758179  -0.00003618947914   0.00013021743938
     72.0000000       0.00014170893289  -0.00006635988171   0.00015647701288
     72.2000000      -0.00007505571334   0.00017612378255   0.00019144959359
     72.4000000      -0.00007924260615  -0.00022456923123   0.00023814014832
     72.6000000       0.00026755634588   0.00013806501751   0.00030107863970
     72.8000000      -0.00037014660666   0.00011181657394   0.00038666711345
     73.0000000       0.00023790861486  -0.00044425976380   0.00050395163137
     73.2000000       0.00020384361688   0.00063387944423   0.00066584935981
     73.4000000      -0.00080660721574  -0.00037814266728   0.00089084627030
     73.6000000       0.00110913356411  -0.00047219464587   0.00120546466005
     73.8000000      -0.00049769443559   0.00157034792044   0.00164732885073
     74.0000000      -0.00123641669844  -0.00190361297224   0.00226990497604
     74.2000000       0.00313610223418   0.00028137391501   0.00314869949396
     74.4000000      -0.00293373083706   0.00326462442066   0.00438913991943
     74.6000000      -0.00133639505016  -0.00598948979539   0.00613676948721
     74.8000000       0.00798993674669   0.00315488980517   0.00859025138741
     75.0000000      -0.00976009813777   0.00700878119156   0.01201592815600
     75.2000000      -0.00124431574143  -0.01671852893665   0.01676477054630
     75.4000000       0.02096013647676   0.01015162207550   0.02328911230357
     75.6000000      -0.02622570002453   0.01861040279999   0.03215796066535
     75.8000000      -0.00600574417621  -0.04365362346223   0.04406481367818
     76.0000000       0.05674540736153   0.01894202283220   0.05982341920688
     76.2000000      -0.05536578979311   0.05822081117852   0.08034322332157
     76.4000000      -0.04075328395210  -0.09847572928558   0.10657532271219
     76.6000000       0.13942455534439   0.00095171430201   0.13942780351527
     76.8000000      -0.06800918788808   0.16627531740376   0.17964612663488
     77.0000000      -0.16608468043953  -0.15572098017801   0.22766893671360
     77.2000000       0.25303000656834  -0.12779976249206   0.28347303843047
     77.4000000       0.04537710630218   0.34344415476882   0.34642888046644
     77.6000000      -0.40748692698928  -0.07963331882995   0.41519520846830
     77.8000000       0.23678772775378  -0.42634029570846   0.48768276139266
     78.0000000       0.38598025453265   0.40726234477730   0.56110905745906
     78.2000000      -0.56632620399030   0.28088858010423   0.63215802119330
     78.4000000      -0.11641278310531  -0.68745015222700   0.69723715324648
     78.6000000       0.74729232034298   0.09092655579680   0.75280372647368
     78.8000000      -0.31545120338707   0.73051782379140   0.79571713101784
     79.0000000      -0.63336419331802  -0.52640872531926   0.82356320186712
     79.2000000       0.69336454683103  -0.46508320414124   0.83489926432862
     79.4000000       0.24683395370729   0.79180104348689   0.82938283872389
     79.6000000      -0.80772714964078   0.00816877536373   0.80776845516383
     79.8000000       0.21819621624017  -0.74029368757813   0.77177997683896
     80.0000000       0.60184100386809   0.40223937538904   0.72388473464379
     80.2000000      -0.52188533633482   0.41538089910104   0.66701244037822
     80.4000000      -0.21008327892639  -0.56656684292613   0.60426233672780
     80.6000000       0.53840612752513  -0.01576914944672   0.53863700599837
     80.8000000      -0.14240210965175   0.45087772776557   0.47283092774089
     81.0000000      -0.32537611306634  -0.24796008853283   0.40908901288029
     81.2000000       0.29511983621946  -0.18654771526048   0.34913574408689
     81.4000000       0.05746314789167   0.28849925866036   0.29416634004114
     81.6000000      -0.24083757712143  -0.04434739050289   0.24488656475629
     81.8000000       0.10925612149678  -0.16940606422144   0.20158202965422
     82.0000000       0.09203040758995   0.13599072199424   0.16420436166462
     82.2000000      -0.13033620868152   0.02362033833416   0.13245923024271
     82.4000000       0.02611902834536  -0.10261608298474   0.10588797915173
     82.6000000       0.06469334456466   0.05348254983584   0.08393814370061
     82.8000000      -0.06014258124234   0.02723128363108   0.06602024603626
     83.0000000       0.00222068010781  -0.05150230491871   0.05155015840986
     83.2000000       0.03459386430379   0.02003828543493   0.03997834827305
     83.4000000      -0.02626651009798   0.01609976601333   0.03080798627648
     83.6000000      -0.00093476138907  -0.02358416421976   0.02360268164423
     83.8000000       0.01590905728294   0.00839284732674   0.01798716180729
     84.0000000      -0.01166748542615   0.00707430605940   0.01364463346490
     84.2000000       0.00011216556849  -0.01031020742211   0.01031081753314
     84.4000000       0.00648581819431   0.00427500257268   0.00776797815690
     84.6000000      -0.00537873063594   0.00227379717804   0.00583959732010
     84.8000000       0.00089024937149  -0.00429256792524   0.00438391187596
     85.0000000       0.00223083127229   0.00241713468253   0.00328924736663
     85.2000000      -0.00245404527666   0.00026522671452   0.00246833616632
     85.4000000       0.00096428036447  -0.00158382024651   0.00185427160755
     85.6000000       0.00048130210981   0.00130993322860   0.00139555608425
     85.8000000      -0.00099403781758  -0.00034830920211   0.00105329505983
     86.0000000       0.00068983966994  -0.00040166158589   0.00079825484640
     86.2000000      -0.00011901074407   0.00059639922537   0.00060815753981
     86.4000000      -0.00027546229724  -0.00037604624063   0.00046614402527
     86.6000000       0.00035711447401   0.00004519166108   0.00035996254496
     86.8000000      -0.00022000403362   0.00017386511975   0.00028041193746
     87.0000000       0.00002730194060  -0.00021895676731   0.00022065235533
     87.2000000       0.00010468134972   0.00014092857924   0.00017555355145
     87.4000000      -0.00013890180323  -0.00002611687554   0.00014133577795
     87.6000000       0.00009866273758  -0.00005993575150   0.00011544102432
     87.8000000      -0.00002893453316   0.00009120605591   0.00009568569300
     88.0000000      -0.00003108353077  -0.00007423916839   0.00008048378724
     88.2000000       0.00006104056187   0.00003197694700   0.00006890918177
     88.4000000      -0.00005887475932   0.00001183230243   0.00006005198303
     88.6000000       0.00003443673490  -0.00004069435351   0.00005330965314
     88.8000000      -0.00000196794257   0.00004827249792   0.00004831259519
     89.0000000      -0.00002565434310  -0.00003655013703   0.00004465487472
     89.2000000       0.00004010038387   0.00001286831642   0.00004211453851
     89.4000000      -0.00003845342473   0.00001329483008   0.00004068683300
     89.6000000       0.00002263936331  -0.00003319617556   0.00004018117523
     89.8000000       0.00000155584261   0.00004049205447   0.00004052193383
     90.0000000      -0.00002627972167  -0.00003256832818   0.00004184877264
     90.2000000       0.00004287944963   0.00001103338673   0.00004427621058
     90.4000000      -0.00004426510242   0.00001830739183   0.00004790156456
     90.6000000       0.00002673428813  -0.00004573334035   0.00005297415012
     90.8000000       0.00000768024994   0.00005941196274   0.00005990632317
     91.0000000      -0.00004952803700  -0.00004855996658   0.00006936207036
     91.2000000       0.00008151859221   0.00000807326330   0.00008191738799
     91.4000000      -0.00008201350448   0.00005486892271   0.00009867529375
     91.6000000       0.00003311394861  -0.00011666299071   0.00012127154239
     91.8000000       0.00006494866715   0.00013710907636   0.00015171429789
     92.0000000      -0.00017820420308  -0.00007396769293   0.00019294547829
     92.2000000       0.00023326180945  -0.00008789402239   0.00024927180129
     92.4000000      -0.00013826618029   0.00029546506628   0.00032621640364
     92.6000000      -0.00015013045393  -0.00040545319423   0.00043235569374
     92.8000000       0.00053258105639   0.00022737001857   0.00057908523290
     93.0000000      -0.00071095920336   0.00032645440509   0.00078232695687
     93.2000000       0.00029930553948  -0.00102190309598   0.00106483319987
     93.4000000       0.00081370323844   0.00120928334533   0.00145755931939
     93.6000000      -0.00199662028062  -0.00015851290811   0.00200290261546
     93.8000000       0.00183656925754  -0.00205854724031   0.00275873220489
     94.0000000       0.00081183479255   0.00371408023766   0.00380177165834
     94.2000000      -0.00483902092835  -0.00198913879629   0.00523190182399
     94.4000000       0.00593638404209  -0.00403501711047   0.00717788399021
     94.6000000       0.00033018340638   0.00979574167406   0.00980130481246
     94.8000000      -0.01160913212447  -0.00649357533770   0.01330182203120
     95.0000000       0.01541216571025  -0.00914735288221   0.01792230221349
     95.2000000       0.00066896314633   0.02394267688605   0.02395202054443
     95.4000000      -0.02838325634904  -0.01417924682920   0.03172791013632
     95.6000000       0.03359446424959  -0.02458936066011   0.04163201515529
     95.8000000       0.00920136570929   0.05329513958228   0.05408361151042
     96.0000000      -0.06689216554428  -0.01893981149291   0.06952178270578
     96.2000000       0.05757865285139  -0.06705227870106   0.08838161201962
     96.4000000       0.04732186756737   0.10047618183579   0.11106224500866
     96.6000000      -0.13782178067182   0.00424353605512   0.13788709448604
     96.8000000       0.06076868605442  -0.15776447469318   0.16906348712834
     97.0000000       0.14889360268114   0.14038581295917   0.20463988223114
     97.2000000      -0.22161357560485   0.10320216822247   0.24446526219115
     97.4000000      -0.01884255821895  -0.28753813238886   0.28815485346929
     97.6000000       0.32038808317882   0.09807727427025   0.33506368882838
     97.8000000      -0.23327635588599   0.30536771394365   0.38427503032934
     98.0000000      -0.23442755745986  -0.36595822921503   0.43460522917562
     98.2000000       0.47220142821837  -0.10905400448605   0.48463075088764
     98.4000000      -0.05870940934552   0.52949241116558   0.53273727880414
     98.6000000      -0.52146373754845  -0.24743617820102   0.57719068933995
     98.8000000       0.42962339094690  -0.44177207458891   0.61622952212248
     99.0000000       0.29616846389197   0.57654963001586   0.64817068344345
     99.2000000      -0.66370244030213   0.10218294835705   0.67152236314061
     99.4000000       0.11362567425677  -0.67560693521194   0.68509526692043
     99.6000000       0.60898368096901   0.32034779751630   0.68810161681259
     99.8000000      -0.48836093344647   0.47351271716853   0.68022841357667
     100.000000      -0.29002292976021  -0.59473267094236   0.66167986947838
     100.200000       0.62724303372875  -0.08649502382965   0.63317865765401
     100.400000      -0.10723515613739   0.58619694401832   0.59592468977903
     100.600000      -0.48371767940674  -0.26492522186199   0.55151443004628
     100.800000       0.36837819390161  -0.34077167932472   0.50182450236313
     101.000000       0.18267688698074   0.41002232384755   0.44887542936801
     101.200000      -0.39320933115471   0.03413454462222   0.39468816202630
     101.400000       0.08514099265447  -0.33035304265852   0.34114823966119
     101.600000       0.23949866315578   0.16333267274022   0.28989165499867
     101.800000      -0.19751754461505   0.14021216835260   0.24222434350183
     102.000000      -0.04973328355148  -0.19276508721338   0.19907731749547
     102.200000       0.15977547981782   0.01982209914395   0.16100037132096
     102.400000      -0.06276426065722   0.11177393399616   0.12819034572395
     102.600000      -0.06144406865882  -0.07958631028306   0.10054528510985
     102.800000       0.07548696701505  -0.01856497116007   0.07773635149211
     103.000000      -0.01125261852089   0.05820707359155   0.05928477747001
     103.200000      -0.03579658811343  -0.02665990153969   0.04463346357464
     103.400000       0.02970617770370  -0.01483273151431   0.03320341726298
     103.600000      -0.00059105064491   0.02442920185134   0.02443635087239
     103.800000      -0.01535155742030  -0.00904632401333   0.01781870627692
     104.000000       0.01126826953256  -0.00627241892485   0.01289640017320
     104.200000      -0.00041936910359   0.00927357970277   0.00928305719839
     104.400000      -0.00541370793634  -0.00387687884927   0.00665871032798
     104.600000       0.00447959019061  -0.00163446985090   0.00476846096443
     104.800000      -0.00091967898035   0.00328865980543   0.00341483421892
     105.000000      -0.00148732087713  -0.00194628558011   0.00244952055531
     105.200000       0.00176223316641   0.00002839402963   0.00176246190135
     105.400000      -0.00082827794177   0.00096817874339   0.00127413281410
     105.600000      -0.00013736050091  -0.00091689277571   0.00092712473237
     105.800000       0.00056625196578   0.00037763040912   0.00068062178531
     106.000000      -0.00049214057259   0.00011212494010   0.00050475176610
     106.200000       0.00019970031131  -0.00032209285971   0.00037897760437
     106.400000       0.00006223170492   0.00028178427395   0.00028857436155
     106.600000      -0.00018395175479  -0.00012576020599   0.00022283150024
     106.800000       0.00017348385516  -0.00002392214582   0.00017512543237
     107.000000      -0.00009161286104   0.00010608152105   0.00014016492220
     107.200000       0.00000052855928  -0.00011404094965   0.00011404217454
     107.400000       0.00006039375341   0.00007307102245   0.00009479862749
     107.600000      -0.00007892919076  -0.00001568276920   0.00008047214676
     107.800000       0.00006168389340  -0.00003205851674   0.00006951727268
     108.000000      -0.00002520619106   0.00005603802934   0.00006144601533
     108.200000      -0.00001319788291  -0.00005397617689   0.00005556628280
     108.400000       0.00004004283894   0.00003194213146   0.00005122234583
     108.600000      -0.00004822368171  -0.00000088741815   0.00004823184621
     108.800000       0.00003726713028  -0.00002757391878   0.00004635903360
     109.000000      -0.00001245576785   0.00004382353168   0.00004555928096
     109.200000      -0.00001689567186  -0.00004253886954   0.00004577137915
     109.400000       0.00004017239008   0.00002380850799   0.00004669760141
     109.600000      -0.00004815265795   0.00000636971788   0.00004857212959
     109.800000       0.00003600468478  -0.00003716641244   0.00005174629976
     110.000000      -0.00000536026153   0.00005567241899   0.00005592987252
     110.200000      -0.00003399554014  -0.00005118015926   0.00006144188679
     110.400000       0.00006587851436   0.00001980505263   0.00006879112417
     110.600000      -0.00007176496689   0.00003091968739   0.00007814241832
     110.800000       0.00003961327627  -0.00008113985359   0.00009029334138
     111.000000       0.00002772147678   0.00010204271974   0.00010574117896
     111.200000      -0.00010522798094  -0.00006802433409   0.00012530059058
     111.400000       0.00014894060325  -0.00002531842642   0.00015107721871
     111.600000      -0.00011061870129   0.00014670717501   0.00018373756359
     111.800000      -0.00002735785722  -0.00022442647238   0.00022608780121
     112.000000       0.00022101492958   0.00017430061894   0.00028147522957
     112.200000      -0.00035070687376   0.00004503508995   0.00035358658152
     112.400000       0.00026534362326  -0.00036055934950   0.00044767207073
     112.600000       0.00010733934113   0.00056180596062   0.00057196824347
     112.800000      -0.00062962771827  -0.00038112275890   0.00073599294899
     113.000000       0.00090863779422  -0.00028870370792   0.00095340047831
     113.200000      -0.00047929820846   0.00114627200608   0.00124244367460
     113.400000      -0.00076128142075  -0.00143905016013   0.00162800944866
     113.600000       0.00210613704388   0.00039641337152   0.00214311847753
     113.800000      -0.00211307632720   0.00188395739380   0.00283096927327
     114.000000      -0.00032884980197  -0.00373513360669   0.00374958201031
     114.200000       0.00427578657133   0.00254234786190   0.00497452343994
     114.400000      -0.00601377218927   0.00272971895142   0.00660430325607
     114.600000       0.00145183015869  -0.00864753638695   0.00876856295942
     114.800000       0.00856787006085   0.00787260798908   0.01163556418612
     115.000000      -0.01487903490338   0.00406113428998   0.01542331000068
     115.200000       0.00562352208324  -0.01962143418557   0.02041138604111
     115.400000       0.01860596935621   0.01950255114285   0.02695425006866
     115.600000      -0.03440840110179   0.00871364169105   0.03549458575475
     115.800000       0.01150636481292  -0.04513089308599   0.04657460619208
     116.000000       0.04530185148889   0.04061550365697   0.06084305125181
     116.200000      -0.07355383918084   0.02896750568860   0.07905241074161
     116.400000       0.00743359635766  -0.10177210798439   0.10204322769491
     116.600000       0.11443048421151   0.06317131628995   0.13070941404002
     116.800000      -0.13197306306948   0.10059512091129   0.16594055479930
     117.000000      -0.05205938741181  -0.20193421976554   0.20853682871381
     117.200000       0.25687425873702   0.03383755513718   0.25909335178532
     117.400000      -0.15213688665681   0.27908743225768   0.31786070396608
     117.600000      -0.25304386693766  -0.28961295285652   0.38458661060552
     117.800000       0.42595254121573  -0.16928402043612   0.45835864445122
     118.000000       0.02758847987176   0.53677317649357   0.53748169012966
     118.200000      -0.59800323963944  -0.16143983213489   0.61941157078231
     118.400000       0.37694106109997  -0.59078232823741   0.70079121206019
     118.600000       0.50580672407754   0.59061972757051   0.77760665166749
     118.800000      -0.77139319759913   0.34609343329316   0.84547509121846
     119.000000      -0.12742887992058  -0.89097751759620   0.90004391909489
     119.200000       0.92925626281880   0.12374046453282   0.93745874818616
     119.400000      -0.37464110654063   0.87826287899271   0.95483068830372
     119.600000      -0.74388689970612  -0.59187210640549   0.95062101275706
     119.800000       0.74730432534346  -0.54490798108908   0.92487213307117
     120.000000       0.30954547952642   0.82293702046989   0.87922906205101
     120.200000      -0.81372578469582   0.07027757893482   0.81675491475703
     120.400000       0.14196981579109  -0.72784041984533   0.74155721650887
     120.600000       0.58440530521872   0.30303798342851   0.65830204326601
     120.800000      -0.39912573233545   0.40931499931525   0.57169932558711
     121.000000      -0.23010834662383  -0.42812226145325   0.48604374488085
     121.200000       0.39859491736543  -0.07102313981042   0.40487305978305
     121.400000      -0.05077136272709   0.32685658208326   0.33077629377619
     121.600000      -0.23292207319729  -0.12711683303985   0.26535143004063
     121.800000       0.15879693338060  -0.13632072302930   0.20928403087267
     122.000000       0.05266164743671   0.15374287576893   0.16251191021106
     122.200000      -0.12413797721937  -0.00844551541002   0.12442493366949
     122.400000       0.04387762281014  -0.08321071529449   0.09407055290201
     122.600000       0.04246090477073   0.05607249308783   0.07033528925820
     122.800000      -0.05114636294770   0.00983652827031   0.05208366088507
     123.000000       0.01091679963610  -0.03666257099408   0.03825337404976
     123.200000       0.01963060284901   0.01983781416328   0.02790876992976
     123.400000      -0.01959717271097   0.00514076100724   0.02026022216060
     123.600000       0.00418933959875  -0.01404997134058   0.01466125031996
     123.800000       0.00692300905024   0.00802328610746   0.01059722483822
     124.000000      -0.00761071894949   0.00091991499308   0.00766611286915
     124.200000       0.00263270436282  -0.00489758572329   0.00556034874617
     124.400000       0.00173602840751   0.00365905124476   0.00404999390659
     124.600000      -0.00289996070108  -0.00062344676829   0.00296621946941
     124.800000       0.00169337848114  -0.00138319762924   0.00218649636677
     125.000000      -0.00001285510352   0.00162401165145   0.00162406252889
     125.200000      -0.00091557635249  -0.00080095963308   0.00121647704091
     125.400000       0.00091305714837  -0.00011371504927   0.00092011111754
     125.600000      -0.00040925154275   0.00057221338584   0.00070350194326
     125.800000      -0.00010276289336  -0.00053450363464   0.00054429252034
     126.000000       0.00035562107855   0.00023523637159   0.00042638304614
     126.200000      -0.00033192209825   0.00006705351407   0.00033862730701
     126.400000       0.00015356657148  -0.00022508398223   0.00027248025788
     126.600000       0.00003559419542   0.00021940697545   0.00022227543189
     126.800000      -0.00014548122974  -0.00011260918926   0.00018397178510
     127.000000       0.00015401517607  -0.00001326119191   0.00015458503702
     127.200000      -0.00008994999258   0.00009625784967   0.00013174435391
     127.400000       0.00000290640233  -0.00011385829116   0.00011389538024
     127.600000       0.00006428230262   0.00007634492883   0.00009980362011
     127.800000      -0.00008787591703  -0.00001367664777   0.00008893383770
     128.000000       0.00006826822077  -0.00004240318557   0.00008036529172
     128.200000      -0.00002208597699   0.00007006977305   0.00007346811196
     128.400000      -0.00002657444719  -0.00006286889171   0.00006825466129
     128.600000       0.00005732240514   0.00002907274918   0.00006427350057
     128.800000      -0.00005978361834   0.00001411377015   0.00006142702605
     129.000000       0.00003575242766  -0.00004758088547   0.00005951618894
     129.200000       0.00000304107063   0.00005824302777   0.00005832236615
     129.400000      -0.00003966202254  -0.00004268445980   0.00005826696440
     129.600000       0.00005842255083   0.00000786649462   0.00005894977678
     129.800000      -0.00005102804792   0.00003209196138   0.00006028064084
     130.000000       0.00001953248360  -0.00005990775524   0.00006301156286
     130.200000       0.00002445787270   0.00006214511603   0.00006678475113
     130.400000      -0.00006290122202  -0.00003435911389   0.00007167365233
     130.600000       0.00007686645198  -0.00001525273003   0.00007836515305
     130.800000      -0.00005433519295   0.00006826003508   0.00008724531840
     131.000000      -0.00000311910391  -0.00009854741974   0.00009859676843
     131.200000       0.00007648143684   0.00008378764361   0.00011344505015
     131.400000      -0.00013187434759  -0.00001493252170   0.00013271708163
     131.600000       0.00012891395290  -0.00009074542159   0.00015765005168
     131.800000      -0.00004266127044   0.00018626477067   0.00019108780387
     132.000000      -0.00011666582722  -0.00020371616757   0.00023475773080
     132.200000       0.00028050446027   0.00008486884872   0.00029306223523
     132.400000      -0.00033059840309   0.00017014322858   0.00037181181040
     132.600000       0.00014683625227  -0.00045543226422   0.00047851795397
     132.800000       0.00029231248437   0.00055146566040   0.00062414819003
     133.000000      -0.00079580275052  -0.00021798625831   0.00082511818944
     133.200000       0.00093122690048  -0.00059249766087   0.00110373774889
     133.400000      -0.00022462480366   0.00147521236750   0.00149221574568
     133.600000      -0.00134631476513  -0.00152781464280   0.00203636466026
     133.800000       0.00279824776367  -0.00012920648517   0.00280122916997
     134.000000      -0.00221436808110   0.00318208675859   0.00387673859549
     134.200000      -0.00175328231363  -0.00509506481782   0.00538829141464
     134.400000       0.00722134500968   0.00205310320625   0.00750753331823
     134.600000      -0.00794715004420   0.00681004453771   0.01046584446811
     134.800000      -0.00212273765735  -0.01441679240984   0.01457223107662
     135.000000       0.01868559941723   0.00775442433206   0.02023073706771
     135.200000      -0.02208415657470   0.01715023994340   0.02796141451594
     135.400000      -0.00631790287065  -0.03789384977023   0.03841692006255
     135.600000       0.04992263820857   0.01589407014933   0.05239170995125
     135.800000      -0.04880747591624   0.05130932745025   0.07081537113305
     136.000000      -0.03503837564551  -0.08800012163868   0.09471910671189
     136.200000       0.12510079529002   0.00406543775576   0.12516683572872
     136.400000      -0.06722674592762   0.14865355519037   0.16314813771157
     136.600000      -0.14608750158126  -0.15007066560906   0.20943438780344
     136.800000       0.24200079470238  -0.10651887961277   0.26440623356975
     137.000000       0.02383159440439   0.32700402993297   0.32787128645897
     137.200000      -0.38598094631965  -0.10071428339303   0.39890432161257
     137.400000       0.25708722573956  -0.40028178023117   0.47573032825699
     137.600000       0.35580817544833   0.42685997137698   0.55570576106410
     137.800000      -0.58553875101134   0.24675592968002   0.63540862267377
     138.000000      -0.07808567195132  -0.70656174017618   0.71086346427769
     138.200000       0.76624813584179   0.13401544801364   0.77787939038601
     138.400000      -0.36399184435484   0.74867095069209   0.83246516753978
     138.600000      -0.64936361352933  -0.58088348346478   0.87126271809257
     138.800000       0.75368384187203  -0.47695453192729   0.89192205882855
     139.000000       0.25226087618255   0.85700152072367   0.89335723883285
     139.200000      -0.87582931862207   0.00492627733027   0.87584317292900
     139.400000       0.23174713208774  -0.80837907959874   0.84094201319936
     139.600000       0.66635570312569   0.42671173859636   0.79127291811616
     139.800000      -0.55658934201894   0.47262009054573   0.73017905039554
     140.000000      -0.25676278378380  -0.60947514573728   0.66135246306934
     140.200000       0.58637690223591  -0.04956185672054   0.58846771289288
     140.400000      -0.12247646829914   0.50010205178584   0.51488110034010
     140.600000      -0.37195508705749  -0.24138245200609   0.44341411222966
     140.800000       0.29998238104118  -0.22708339739595   0.37623968199543
     141.000000       0.08954191092999   0.30185557112029   0.31485637936899
     141.200000      -0.25921190096958  -0.02187155743198   0.26013299411794
     141.400000       0.09622240416696  -0.18935364762896   0.21239951726420
     141.600000       0.11063564019300   0.13112345649306   0.17156225028719
     141.800000      -0.13161120056441   0.03884145912828   0.13722305586605
     142.000000       0.01530836860921  -0.10770390737724   0.10878638616022
     142.200000       0.07138748236403   0.04715355053519   0.08555483601965
     142.400000      -0.05763326786836   0.03377295543143   0.06679974613544
     142.600000      -0.00303432218429  -0.05172561479248   0.05181453789023
     142.800000       0.03635645438508   0.01656004234987   0.03995030385471
     143.000000      -0.02452221410095   0.01835945234377   0.03063345352349
     143.200000      -0.00295852197286  -0.02318428617245   0.02337229080750
     143.400000       0.01632351071840   0.00698263731660   0.01775427345934
     143.600000      -0.01093949809552   0.00780406683614   0.01343785986550
     143.800000      -0.00057344135333  -0.01012722071134   0.01014344292250
     144.000000       0.00662244004531   0.00381664931490   0.00764352825249
     144.200000      -0.00517717734765   0.00251499940257   0.00575572647751
     144.400000       0.00068940108655  -0.00427987500838   0.00433504370745
     144.600000       0.00230597813779   0.00231643148033   0.00326854554428
     144.800000      -0.00244448130946   0.00034259053708   0.00246837135545
     145.000000       0.00092878512725  -0.00162111135122   0.00186832647727
     145.200000       0.00051992547324   0.00131958343677   0.00141831694071
     145.400000      -0.00102705004672  -0.00033616442055   0.00108066568194
     145.600000       0.00070606707832  -0.00043027329151   0.00082684087011
     145.800000      -0.00011147398884   0.00062644339699   0.00063628435453
     146.000000      -0.00030060893874  -0.00039080792931   0.00049304824476
     146.200000       0.00038304956430   0.00003781524703   0.00038491162832
     146.400000      -0.00023061670461   0.00019521478098   0.00030214710847
     146.600000       0.00002001456914  -0.00023936261445   0.00024019792708
     146.800000       0.00012264233798   0.00014895396196   0.00019294669173
     147.000000      -0.00015496520108  -0.00001959004884   0.00015619853891
     147.200000       0.00010457832869  -0.00007430512142   0.00012828826097
     147.400000      -0.00002359166481   0.00010452855673   0.00010715776137
     147.600000      -0.00004278338651  -0.00007931150576   0.00009011511031
     147.800000       0.00007193389473   0.00002786632275   0.00007714283605
     148.000000      -0.00006369693110   0.00002172971709   0.00006730140887
     148.200000       0.00003162579080  -0.00005046548495   0.00005955632472
     148.400000       0.00000624762916   0.00005315614726   0.00005352204090
     148.600000      -0.00003474290653  -0.00003479968008   0.00004917405096
     148.800000       0.00004546622800   0.00000565756862   0.00004581687431
     149.000000      -0.00003784574135   0.00002225070776   0.00004390209715
     149.200000       0.00001632090464  -0.00003943698320   0.00004268076349
     149.400000       0.00001069098725   0.00004091898829   0.00004229256213
     149.600000      -0.00003385582842  -0.00002664593097   0.00004308390367
     149.800000       0.00004483914662   0.00000107243786   0.00004485196977
     150.000000      -0.00003873444042   0.00002761104499   0.00004756812673
     150.200000       0.00001516946922  -0.00004930989799   0.00005159049172
     150.400000       0.00002005099753   0.00005383218902   0.00005744516583
     150.600000      -0.00005551757700  -0.00003452609145   0.00006537776645
     150.800000       0.00007533638017  -0.00000878501095   0.00007584686279
     151.000000      -0.00006304848689   0.00006403386173   0.00008986349173
     151.200000       0.00000912041927  -0.00010875403380   0.00010913579576
     151.400000       0.00007864911752   0.00010951574093   0.00013483093561
     151.600000      -0.00016506794954  -0.00003851144194   0.00016950091187
     151.800000       0.00018954162591  -0.00010599388296   0.00021716521631
     152.000000      -0.00008448434612   0.00026972339711   0.00028264521168
     152.200000      -0.00016902404790  -0.00033221662941   0.00037274256213
     152.400000       0.00047524537405   0.00014912235075   0.00049809200059
     152.600000      -0.00058664092281   0.00033019881497   0.00067318558341
     152.800000       0.00019995702168  -0.00089593478551   0.00091797709689
     153.000000       0.00075485712743   0.00101138654526   0.00126202695168
     153.200000      -0.00174353829494  -0.00008043406726   0.00174539262778
     153.400000       0.00158065557269  -0.00183877048169   0.00242477811847
     153.600000       0.00073908641388   0.00329556440130   0.00337742408505
     153.800000      -0.00434295641039  -0.00181341867871   0.00470635290717
     154.000000       0.00546429879563  -0.00360256199523   0.00654499917933
     154.200000       0.00012336961400   0.00906331451659   0.00906415412978
     154.400000      -0.01074205064135  -0.00634618096362   0.01247660469857
     154.600000       0.01486735226163  -0.00832767905310   0.01704078641621
     154.800000       0.00007557350393   0.02306778585624   0.02306790965094
     155.000000      -0.02734142737819  -0.01444701352097   0.03092361315810
     155.200000       0.03357899019195  -0.02357248355710   0.04102694923292
     155.400000       0.00832550396113   0.05319356829362   0.05384115269954
     155.600000      -0.06700742572730  -0.01974688805078   0.06985652933184
     155.800000       0.05866033759139  -0.06766703256677   0.08955368503154
     156.000000       0.04852537491256   0.10245283226282   0.11336355167812
     156.200000      -0.14149577600530   0.00574990824407   0.14161255619526
     156.400000       0.05975206381835  -0.16391888572375   0.17446979746497
     156.600000       0.15801701510099   0.14117805305868   0.21189766333508
     156.800000      -0.22593628668646   0.11519924420547   0.25361007769246
     157.000000      -0.03280745992402  -0.29723693411478   0.29904201114328
     157.200000       0.33704234775170   0.08394373232600   0.34733858751195
     157.400000      -0.22155802930599   0.32986077839382   0.39736141417170
     157.600000      -0.26657716617843  -0.35970625611344   0.44771863509895
     157.800000       0.47445213888214  -0.14740458785924   0.49682285033178
     158.000000      -0.01686530865248   0.54270367163846   0.54296566543918
     158.200000      -0.54698644156565  -0.20577571912085   0.58441236625893
     158.400000       0.39228991036142  -0.47947733881200   0.61950778219939
     158.600000       0.34432268858138   0.54751192970371   0.64678236450895
     158.800000      -0.64610260372302   0.15761504472377   0.66504967999462
     159.000000       0.05508677930881  -0.67123257852270   0.67348921871464
     159.200000       0.61797397716552   0.26324486715013   0.67170655537568
     159.400000      -0.43691386381430   0.49436047832642   0.65976208357578
     159.600000      -0.31987046920068  -0.55221670225249   0.63816957253795
     159.800000       0.59556116104134  -0.12165379613461   0.60785914705207
     160.000000      -0.07064758022364   0.56572232087537   0.57011650118907
     160.200000      -0.47342067203169  -0.23037051727965   0.52649568653373
     160.400000       0.33842097376472  -0.33858135497999   0.47871295096743
     160.600000       0.18598574582272   0.38607583787901   0.42853850497150
     160.800000      -0.37553077660468   0.04032434536773   0.37768957757218
     161.000000       0.07825891489892  -0.31825401258740   0.32773476210060
     161.200000       0.23169870100288   0.15724384864599   0.28001770655339
     161.400000      -0.19292844840607   0.13523721304522   0.23560664251378
     161.600000      -0.04626283491867  -0.18970578940709   0.19526529755509
     161.800000       0.15782500967857   0.02272411324355   0.15945256035181
     162.000000      -0.06556618172509   0.11033167145837   0.12834329710898
     162.200000      -0.05996969587841  -0.08234270139045   0.10186601443085
     162.400000       0.07798320134934  -0.01673951371427   0.07975958257214
     162.600000      -0.01347643834978   0.06013969083637   0.06163113502516
     162.800000      -0.03693100615098  -0.02909730166333   0.04701650964726
     163.000000       0.03204937946969  -0.01510007822982   0.03542845024749
     163.200000      -0.00107391092797   0.02636686922592   0.02638873012212
     163.400000      -0.01667259832101  -0.01001944086024   0.01945159967523
     163.600000       0.01241527160282  -0.00691756728319   0.01421237862179
     163.800000      -0.00036100122799   0.01030737577963   0.01031369562034
     164.000000      -0.00614448478677  -0.00421250282144   0.00744982371036
     164.200000       0.00498275685829  -0.00199652164276   0.00536786406114
     164.400000      -0.00088152066041   0.00376305180803   0.00386492400762
     164.600000      -0.00180927131718  -0.00211672783764   0.00278460040900
     164.800000       0.00200772728231  -0.00010440010876   0.00201043980831
     165.000000      -0.00085271651552   0.00118013887883   0.00145597157567
     165.200000      -0.00025716302642  -0.00102724682987   0.00105894705800
     165.400000       0.00068903773351   0.00035618345542   0.00077565433804
     165.600000      -0.00053828421737   0.00019604649085   0.00057287356829
     165.800000       0.00017324174527  -0.00039088049219   0.00042755147232
     166.000000       0.00011647291660   0.00030144841254   0.00032316727205
     166.200000      -0.00022419670391  -0.00010455619908   0.00024737857791
     166.400000       0.00018316052591  -0.00005847367967   0.00019226791065
     166.600000      -0.00007716592397   0.00013120976776   0.00015221886538
     166.800000      -0.00002262745665  -0.00012027326803   0.00012238325375
     167.000000       0.00007773299249   0.00006363432563   0.00010045768024
     167.200000      -0.00008414560644   0.00000010484188   0.00008414567176
     167.400000       0.00005558491050  -0.00004518873510   0.00007163591317
     167.600000      -0.00001355712969   0.00006105706278   0.00006254406991
     167.800000      -0.00002380590491  -0.00005054000997   0.00005586603365
     168.000000       0.00004507894078   0.00002305187315   0.00005063101577
     168.200000      -0.00004639792726   0.00000841285386   0.00004715446706
     168.400000       0.00003021022254  -0.00003304722898   0.00004477473494
     168.600000      -0.00000399390054   0.00004345835688   0.00004364149430
     168.800000      -0.00002270916581  -0.00003671402959   0.00004316973686
     169.000000       0.00004080905796   0.00001559211627   0.00004368630565
     169.200000      -0.00004315522009   0.00001310080776   0.00004509993553
     169.400000       0.00002789769775  -0.00003900005835   0.00004795087164
     169.600000       0.00000206541660   0.00005122456160   0.00005126618434
     169.800000      -0.00003681203796  -0.00004231450515   0.00005608603645
     170.000000       0.00006191363278   0.00001094369859   0.00006287338438
     170.200000      -0.00006213316318   0.00003501203839   0.00007131881098
     170.400000       0.00002917652949  -0.00007700042203   0.00008234278879
     170.600000       0.00003318390555   0.00009093406774   0.00009679967078
     170.800000      -0.00010080678236  -0.00005507432422   0.00011487031191
     171.000000       0.00013555687308  -0.00003203051774   0.00013928969777
     171.200000      -0.00009490062800   0.00014203291843   0.00017082001965
     171.400000      -0.00003581549894  -0.00020796426527   0.00021102579367
     171.600000       0.00021507277781   0.00015496989290   0.00026508860304
     171.800000      -0.00033109438440   0.00005591027113   0.00033578184852
     172.000000       0.00024065937386  -0.00035450146757   0.00042847196494
     172.200000       0.00012282077760   0.00053843248298   0.00055226305520
     172.400000      -0.00062567314703  -0.00034873460446   0.00071629792074
     172.600000       0.00087967831480  -0.00031632568427   0.00093482398132
     172.800000      -0.00042774946163   0.00115026046012   0.00122721991837
     173.000000      -0.00081759890037  -0.00139680870074   0.00161850007981
     173.200000       0.00212232421084   0.00029578984967   0.00214283729926
     173.400000      -0.00202135957214   0.00200364203061   0.00284613350121
     173.600000      -0.00055473272196  -0.00374532088658   0.00378617972847
     173.800000       0.00449318829169   0.00227989294335   0.00503851693038
     174.000000      -0.00587460500395   0.00322002604392   0.00669922022895
     174.200000       0.00072947639989  -0.00885937914189   0.00888936075305
     174.400000       0.00936387123238   0.00712059290048   0.01176371232694
     174.600000      -0.01448137021414   0.00557629941634   0.01551789929274
     174.800000       0.00347273099823  -0.02010230696900   0.02040006387397
     175.000000       0.02051431175950   0.01712081670925   0.02672001780983
     175.200000      -0.03256605429268   0.01244821066036   0.03486410533540
     175.400000       0.00590769686389  -0.04491263944147   0.04529951505077
     175.600000       0.04794573724249   0.03366142295370   0.05858229352794
     175.800000      -0.06641014845101   0.03560472093494   0.07535253127892
     176.000000      -0.00390318655936  -0.09624051867005   0.09631963610395
     176.200000       0.11277299788149   0.04715748063497   0.12223574367187
     176.400000      -0.11225161973729   0.10521385494178   0.15385181638627
     176.600000      -0.06508005479524  -0.18047825222458   0.19185362404236
     176.800000       0.23652159174399   0.01099519150204   0.23677702083876
     177.000000      -0.11911023133708   0.26320770830375   0.28890404102346
     177.200000      -0.24505945685103  -0.24727756643889   0.34813838090055
     177.400000       0.37638460180885  -0.17213996308936   0.41388106428201
     177.600000       0.04327207033877   0.48298229889194   0.48491687237541
     177.800000      -0.54348519642870  -0.13222082926921   0.55933756036027
     178.000000       0.33485488689997  -0.53898120305154   0.63453016675622
     178.200000       0.45960019449907   0.53756312568260   0.70725275034971
     178.400000      -0.71013054947021   0.30741084987621   0.77381317377807
     178.600000      -0.09708102398609  -0.82465682704545   0.83035149642236
     178.800000       0.86090514916940   0.14599597860254   0.87319671416841
     179.000000      -0.38982951288106   0.81037842406986   0.89926650071657
     179.200000      -0.67820316502505  -0.60140144583870   0.90644538285927
     179.400000       0.75254831768413  -0.48236931164291   0.89387310243909
     179.600000       0.25047158986830   0.82489807888598   0.86208634015448
     179.800000      -0.81286308932854   0.01465089641021   0.81299511115281
     180.000000       0.19418611815444  -0.72408938600867   0.74967572150518
     180.200000       0.57736526882172   0.35164218807245   0.67601988289839
     180.400000      -0.44355535260167   0.39853909698602   0.59630089941909
     180.600000      -0.21540733825100  -0.46748967778719   0.51472994881778
     180.800000       0.43186819965776  -0.05269209841676   0.43507079781479
     181.000000      -0.07186354062869   0.35312127055227   0.36035954294030
     181.200000      -0.25165016239725  -0.14959766973201   0.29275803494321
     181.400000       0.18100217136733  -0.14756785213089   0.23353384556037
     181.600000       0.05713746784709   0.17400371284486   0.18314470321517
     181.800000      -0.14107614390755  -0.00944999345490   0.14139229383570
     182.000000       0.04868715200332  -0.09596526693532   0.10760934544993
     182.200000       0.05079537472658   0.06289820154279   0.08084772013441
     182.400000      -0.05835911539592   0.01411508693112   0.06004183565538
     182.600000       0.00987275121607  -0.04301513959230   0.04413358642484
     182.800000       0.02437597550184   0.02096385700326   0.03215076176577
     183.000000      -0.02181305308814   0.00804080832995   0.02324787912101
     183.200000       0.00295592616433  -0.01645379464027   0.01671720244399
     183.400000       0.00890381912628   0.00801489354839   0.01197983779629
     183.600000      -0.00829235991110   0.00219151860050   0.00857706165721
     183.800000       0.00208094851448  -0.00578681945440   0.00614960373665
     184.000000       0.00249406412829   0.00365497475628   0.00442483856712
     184.200000      -0.00319667279916  -0.00015992185881   0.00320067055252
     184.400000       0.00153634591392  -0.00175222097096   0.00233037273806
     184.600000       0.00027388237022   0.00168741691235   0.00170949916315
     184.800000      -0.00107926939985  -0.00065933522591   0.00126473134601
     185.000000       0.00090414336821  -0.00027389813076   0.00094471975544
     185.200000      -0.00031203124546   0.00064191225678   0.00071373303381
     185.400000      -0.00018941172233  -0.00051173985386   0.00054566883600
     185.600000       0.00038532683946   0.00017406148214   0.00042281694948
     185.800000      -0.00031262734815   0.00011480344709   0.00033304007308
     186.000000       0.00011643410948  -0.00023880980913   0.00026568219133
     186.200000       0.00006323640880   0.00020547574178   0.00021498633412
     186.400000      -0.00015293099552  -0.00008983581103   0.00017736505386
     186.600000       0.00014567820302  -0.00003000648175   0.00014873643731
     186.800000      -0.00007570884829   0.00010096770661   0.00012619947499
     187.000000      -0.00000793118215  -0.00010878292046   0.00010907166192
     187.200000       0.00006841813387   0.00006755002664   0.00009614596789
     187.400000      -0.00008556712823  -0.00000637132145   0.00008580400440
     187.600000       0.00006286467745  -0.00004581951564   0.00007779071721
     187.800000      -0.00001690866545   0.00006954672277   0.00007157268764
     188.000000      -0.00003005130783  -0.00005973590167   0.00006686896927
     188.200000       0.00005835282412   0.00002533575992   0.00006361566484
     188.400000      -0.00005869883123   0.00001748139096   0.00006124664740
     188.600000       0.00003305996792  -0.00004964688100   0.00005964708100
     188.800000       0.00000666019770   0.00005855579347   0.00005893334525
     189.000000      -0.00004312541574  -0.00004099530442   0.00005950139886
     189.200000       0.00006013239385   0.00000402313761   0.00006026682691
     189.400000      -0.00005028780661   0.00003698566696   0.00006242437869
     189.600000       0.00001536353806  -0.00006331736190   0.00006515463621
     189.800000       0.00003086504358   0.00006225549480   0.00006948667173
     190.000000      -0.00006857197882  -0.00002940456150   0.00007461061933
     190.200000       0.00007818046579  -0.00002417903685   0.00008183404582
     190.400000      -0.00004888361769   0.00007697069944   0.00009118166839
     190.600000      -0.00001564304274  -0.00010118194141   0.00010238403222
     190.800000       0.00008973268123   0.00007616163157   0.00011769684874
     191.000000      -0.00013735494327   0.00000316495176   0.00013739140206
     191.200000       0.00011768657235  -0.00011124836481   0.00016194544755
     191.400000      -0.00001458679480   0.00019421364421   0.00019476065871
     191.600000      -0.00014903444052  -0.00018531216620   0.00023780635694
     191.800000       0.00029150367253   0.00003847619647   0.00029403198600
     192.000000      -0.00029562029490   0.00022082179280   0.00036899000384
     192.200000       0.00006673368238  -0.00046514342778   0.00046990615315
     192.400000       0.00037087144495   0.00047933425184   0.00060605853980
     192.600000      -0.00078757167143  -0.00007655840973   0.00079128397414
     192.800000       0.00077520728851  -0.00070146034339   0.00104546303306
     193.000000       0.00001957348960   0.00139651947685   0.00139665664023
     193.200000      -0.00145400953248  -0.00119759685386   0.00188371493196
     193.400000       0.00251285163317  -0.00050590189522   0.00256327135862
     193.600000      -0.00157128752024   0.00314238399442   0.00351333483171
     193.800000      -0.00217648155344  -0.00432336771664   0.00484030787923
     194.000000       0.00661475776072   0.00101391510987   0.00669201345508
     194.200000      -0.00630443304886   0.00679042689259   0.00926583905813
     194.400000      -0.00315413238818  -0.01243210086012   0.01282597687969
     194.600000       0.01691048970230   0.00529861664475   0.01772117378504
     194.800000      -0.01807939949726   0.01639520683272   0.02440630027819
     195.000000      -0.00753966212651  -0.03260273939009   0.03346319053408
     195.200000       0.04407592020368   0.01177259564029   0.04562105599294
     195.400000      -0.04111227170212   0.04609334262931   0.06176418961867
     195.600000      -0.03197338591454  -0.07650496646064   0.08291747282680
     195.800000       0.11015269420873   0.00333308493260   0.11020311019481
     196.000000      -0.06118743859707   0.13119052518830   0.14475792393251
     196.200000      -0.12752268386176  -0.13760140745816   0.18760645573586
     196.400000       0.22253949680306  -0.08851837947459   0.23949808170874
     196.600000       0.00802885341300   0.30061001152891   0.30071721187611
     196.800000      -0.35324760743106  -0.11299573739825   0.37087991159666
     197.000000       0.26502954513789  -0.36214192602708   0.44876211335472
     197.200000       0.31326869697190   0.43021068740510   0.53218278068728
     197.400000      -0.58451979838157   0.20064962400045   0.61799973002547
     197.600000      -0.02890993467410  -0.70164212768662   0.70223746672153
     197.800000       0.75785480307405   0.18611616631938   0.78037371169705
     198.000000      -0.41908619082161   0.73691186833365   0.84774544353146
     198.200000      -0.63385851839473  -0.63899137888356   0.90004811184129
     198.400000       0.81445729205476  -0.45683234543919   0.93382893102572
     198.600000       0.22634120775902   0.91944873450385   0.94689826154162
     198.800000      -0.93816807283327  -0.02794838557631   0.93858427705775
     199.000000       0.27230566557384  -0.86808749037692   0.90979462872261
     199.200000       0.72042958151243   0.47487698569677   0.86285974147750
     199.400000      -0.61123811628093   0.51799965779466   0.80120888678923
     199.600000      -0.29084031353381  -0.66840511894846   0.72893997764765
     199.800000       0.64651131729920  -0.07066393403473   0.65036164936842
     200.000000      -0.11474913910302   0.55789654282429   0.56957520787002
