#Update-step  Updatetime     Error of A        Error of phi      Time in fs
     1        0.10000000     0.479783E-012     0.758643E-016        0.0000
     2        0.10000000     0.490802E-012     0.000000E+000        0.1000
     3        0.10000000     0.496995E-012     0.000000E+000        0.2000
     4        0.10000000     0.497759E-012     0.000000E+000        0.3000
     5        0.10000000     0.493114E-012     0.000000E+000        0.4000
     6        0.10000000     0.482366E-012     0.000000E+000        0.5000
     7        0.10000000     0.465730E-012     0.000000E+000        0.6000
     8        0.10000000     0.444054E-012     0.000000E+000        0.7000
     9        0.10000000     0.417967E-012     0.000000E+000        0.8000
    10        0.10000000     0.891881E-012     0.000000E+000        0.9000
    11        0.10000000     0.367805E-012     0.000000E+000        1.0000
    12        0.10000000     0.372835E-012     0.000000E+000        1.1000
    13        0.10000000     0.371631E-012     0.000000E+000        1.2000
    14        0.10000000     0.365889E-012     0.000000E+000        1.3000
    15        0.10000000     0.357838E-012     0.000000E+000        1.4000
    16        0.10000000     0.348348E-012     0.000000E+000        1.5000
    17        0.10000000     0.338027E-012     0.000000E+000        1.6000
    18        0.10000000     0.327296E-012     0.000000E+000        1.7000
    19        0.10000000     0.316455E-012     0.000000E+000        1.8000
    20        0.10000000     0.305719E-012     0.000000E+000        1.9000
    21        0.10000000     0.295237E-012     0.000000E+000        2.0000
    22        0.10000000     0.285111E-012     0.000000E+000        2.1000
    23        0.10000000     0.275408E-012     0.000000E+000        2.2000
    24        0.10000000     0.266168E-012     0.000000E+000        2.3000
    25        0.10000000     0.257498E-012     0.000000E+000        2.4000
    26        0.10000000     0.249235E-012     0.000000E+000        2.5000
    27        0.10000000     0.241352E-012     0.000000E+000        2.6000
    28        0.10000000     0.233804E-012     0.000000E+000        2.7000
    29        0.10000000     0.226968E-012     0.000000E+000        2.8000
    30        0.10000000     0.220567E-012     0.000000E+000        2.9000
    31        0.10000000     0.214582E-012     0.000000E+000        3.0000
    32        0.10000000     0.208941E-012     0.000000E+000        3.1000
    33        0.10000000     0.203753E-012     0.000000E+000        3.2000
    34        0.10000000     0.198878E-012     0.000000E+000        3.3000
    35        0.10000000     0.194329E-012     0.000000E+000        3.4000
    36        0.10000000     0.190450E-012     0.000000E+000        3.5000
    37        0.10000000     0.186358E-012     0.000000E+000        3.6000
    38        0.10000000     0.182659E-012     0.000000E+000        3.7000
    39        0.10000000     0.179211E-012     0.000000E+000        3.8000
    40        0.10000000     0.175998E-012     0.000000E+000        3.9000
    41        0.10000000     0.173006E-012     0.000000E+000        4.0000
    42        0.10000000     0.170220E-012     0.000000E+000        4.1000
    43        0.10000000     0.167628E-012     0.000000E+000        4.2000
    44        0.10000000     0.165217E-012     0.000000E+000        4.3000
    45        0.10000000     0.162979E-012     0.000000E+000        4.4000
    46        0.10000000     0.160903E-012     0.000000E+000        4.5000
    47        0.10000000     0.158980E-012     0.000000E+000        4.6000
    48        0.10000000     0.157378E-012     0.000000E+000        4.7000
    49        0.10000000     0.155389E-012     0.000000E+000        4.8000
    50        0.10000000     0.153903E-012     0.000000E+000        4.9000
    51        0.10000000     0.152556E-012     0.000000E+000        5.0000
    52        0.10000000     0.151356E-012     0.000000E+000        5.1000
    53        0.10000000     0.150314E-012     0.000000E+000        5.2000
    54        0.10000000     0.149596E-012     0.000000E+000        5.3000
    55        0.10000000     0.148953E-012     0.000000E+000        5.4000
    56        0.10000000     0.148602E-012     0.000000E+000        5.5000
    57        0.10000000     0.148657E-012     0.000000E+000        5.6000
    58        0.10000000     0.149298E-012     0.000000E+000        5.7000
    59        0.10000000     0.150814E-012     0.000000E+000        5.8000
    60        0.10000000     0.153660E-012     0.000000E+000        5.9000
    61        0.10000000     0.158549E-012     0.000000E+000        6.0000
    62        0.10000000     0.166586E-012     0.000000E+000        6.1000
    63        0.10000000     0.179440E-012     0.000000E+000        6.2000
    64        0.10000000     0.199562E-012     0.000000E+000        6.3000
    65        0.10000000     0.230346E-012     0.000000E+000        6.4000
    66        0.10000000     0.276055E-012     0.000000E+000        6.5000
    67        0.10000000     0.340772E-012     0.000000E+000        6.6000
    68        0.10000000     0.426979E-012     0.000000E+000        6.7000
    69        0.10000000     0.528182E-012     0.000000E+000        6.8000
    70        0.10000000     0.620082E-012     0.000000E+000        6.9000
    71        0.10000000     0.648091E-012     0.000000E+000        7.0000
    72        0.10000000     0.549894E-012     0.000000E+000        7.1000
    73        0.10000000     0.362315E-012     0.000000E+000        7.2000
    74        0.10000000     0.216167E-012     0.000000E+000        7.3000
    75        0.10000000     0.150058E-012     0.000000E+000        7.4000
    76        0.10000000     0.127365E-012     0.000000E+000        7.5000
    77        0.10000000     0.121025E-012     0.000000E+000        7.6000
    78        0.10000000     0.118974E-012     0.000000E+000        7.7000
    79        0.10000000     0.118940E-012     0.000000E+000        7.8000
    80        0.10000000     0.119282E-012     0.000000E+000        7.9000
    81        0.10000000     0.119796E-012     0.000000E+000        8.0000
    82        0.10000000     0.120391E-012     0.000000E+000        8.1000
    83        0.10000000     0.121039E-012     0.000000E+000        8.2000
    84        0.10000000     0.121734E-012     0.000000E+000        8.3000
    85        0.10000000     0.122477E-012     0.000000E+000        8.4000
    86        0.10000000     0.123269E-012     0.000000E+000        8.5000
    87        0.10000000     0.124111E-012     0.000000E+000        8.6000
    88        0.10000000     0.125007E-012     0.000000E+000        8.7000
    89        0.10000000     0.125960E-012     0.000000E+000        8.8000
    90        0.10000000     0.126973E-012     0.000000E+000        8.9000
    91        0.10000000     0.128050E-012     0.000000E+000        9.0000
    92        0.10000000     0.129564E-012     0.000000E+000        9.1000
    93        0.10000000     0.130806E-012     0.000000E+000        9.2000
    94        0.10000000     0.131662E-012     0.000000E+000        9.3000
    95        0.10000000     0.133052E-012     0.000000E+000        9.4000
    96        0.10000000     0.135012E-012     0.000000E+000        9.5000
    97        0.10000000     0.136118E-012     0.000000E+000        9.6000
    98        0.10000000     0.137341E-012     0.000000E+000        9.7000
    99        0.10000000     0.139600E-012     0.000000E+000        9.8000
   100        0.10000000     0.141504E-012     0.000000E+000        9.9000
   101        0.10000000     0.143537E-012     0.000000E+000       10.0000
   102        0.10000000     0.146221E-012     0.000000E+000       10.1000
   103        0.10000000     0.148044E-012     0.000000E+000       10.2000
   104        0.10000000     0.150526E-012     0.000000E+000       10.3000
   105        0.10000000     0.153179E-012     0.000000E+000       10.4000
   106        0.10000000     0.156014E-012     0.000000E+000       10.5000
   107        0.10000000     0.159042E-012     0.000000E+000       10.6000
   108        0.10000000     0.162273E-012     0.000000E+000       10.7000
   109        0.10000000     0.165716E-012     0.000000E+000       10.8000
   110        0.10000000     0.169380E-012     0.000000E+000       10.9000
   111        0.10000000     0.173269E-012     0.000000E+000       11.0000
   112        0.10000000     0.177388E-012     0.000000E+000       11.1000
   113        0.10000000     0.181736E-012     0.000000E+000       11.2000
   114        0.10000000     0.186308E-012     0.000000E+000       11.3000
   115        0.10000000     0.191784E-012     0.000000E+000       11.4000
   116        0.10000000     0.196144E-012     0.000000E+000       11.5000
   117        0.10000000     0.201248E-012     0.000000E+000       11.6000
   118        0.10000000     0.206622E-012     0.000000E+000       11.7000
   119        0.10000000     0.212282E-012     0.000000E+000       11.8000
   120        0.10000000     0.217744E-012     0.000000E+000       11.9000
   121        0.10000000     0.222965E-012     0.000000E+000       12.0000
   122        0.10000000     0.229105E-012     0.000000E+000       12.1000
   123        0.10000000     0.233541E-012     0.000000E+000       12.2000
   124        0.10000000     0.238612E-012     0.000000E+000       12.3000
   125        0.10000000     0.243425E-012     0.000000E+000       12.4000
   126        0.10000000     0.247919E-012     0.000000E+000       12.5000
   127        0.10000000     0.252581E-012     0.000000E+000       12.6000
   128        0.10000000     0.256171E-012     0.000000E+000       12.7000
   129        0.10000000     0.259496E-012     0.000000E+000       12.8000
   130        0.10000000     0.262416E-012     0.000000E+000       12.9000
   131        0.10000000     0.264961E-012     0.000000E+000       13.0000
   132        0.10000000     0.267184E-012     0.000000E+000       13.1000
   133        0.10000000     0.269158E-012     0.000000E+000       13.2000
   134        0.10000000     0.271165E-012     0.000000E+000       13.3000
   135        0.10000000     0.272935E-012     0.000000E+000       13.4000
   136        0.10000000     0.274743E-012     0.000000E+000       13.5000
   137        0.10000000     0.277583E-012     0.000000E+000       13.6000
   138        0.10000000     0.278890E-012     0.000000E+000       13.7000
   139        0.10000000     0.280208E-012     0.000000E+000       13.8000
   140        0.10000000     0.284289E-012     0.000000E+000       13.9000
   141        0.10000000     0.287333E-012     0.000000E+000       14.0000
   142        0.10000000     0.291191E-012     0.000000E+000       14.1000
   143        0.10000000     0.295598E-012     0.000000E+000       14.2000
   144        0.10000000     0.300581E-012     0.000000E+000       14.3000
   145        0.10000000     0.306156E-012     0.000000E+000       14.4000
   146        0.10000000     0.312329E-012     0.000000E+000       14.5000
   147        0.10000000     0.319101E-012     0.000000E+000       14.6000
   148        0.10000000     0.326467E-012     0.000000E+000       14.7000
   149        0.10000000     0.334415E-012     0.000000E+000       14.8000
   150        0.10000000     0.342930E-012     0.000000E+000       14.9000
   151        0.10000000     0.351992E-012     0.000000E+000       15.0000
   152        0.10000000     0.361576E-012     0.000000E+000       15.1000
   153        0.10000000     0.370510E-012     0.000000E+000       15.2000
   154        0.10000000     0.382174E-012     0.000000E+000       15.3000
   155        0.10000000     0.391937E-012     0.000000E+000       15.4000
   156        0.10000000     0.404418E-012     0.000000E+000       15.5000
   157        0.10000000     0.414809E-012     0.000000E+000       15.6000
   158        0.10000000     0.427876E-012     0.000000E+000       15.7000
   159        0.10000000     0.438950E-012     0.000000E+000       15.8000
   160        0.10000000     0.451272E-012     0.000000E+000       15.9000
   161        0.10000000     0.463344E-012     0.000000E+000       16.0000
   162        0.10000000     0.475290E-012     0.000000E+000       16.1000
   163        0.10000000     0.486998E-012     0.000000E+000       16.2000
   164        0.10000000     0.498976E-012     0.000000E+000       16.3000
   165        0.10000000     0.509222E-012     0.000000E+000       16.4000
   166        0.10000000     0.519456E-012     0.000000E+000       16.5000
   167        0.10000000     0.528935E-012     0.000000E+000       16.6000
   168        0.10000000     0.537535E-012     0.000000E+000       16.7000
   169        0.10000000     0.545140E-012     0.000000E+000       16.8000
   170        0.10000000     0.551655E-012     0.000000E+000       16.9000
   171        0.10000000     0.557011E-012     0.000000E+000       17.0000
   172        0.10000000     0.561172E-012     0.000000E+000       17.1000
   173        0.10000000     0.564143E-012     0.000000E+000       17.2000
   174        0.10000000     0.565978E-012     0.000000E+000       17.3000
   175        0.10000000     0.566779E-012     0.000000E+000       17.4000
   176        0.10000000     0.566685E-012     0.000000E+000       17.5000
   177        0.10000000     0.565880E-012     0.000000E+000       17.6000
   178        0.10000000     0.564585E-012     0.000000E+000       17.7000
   179        0.10000000     0.564267E-012     0.000000E+000       17.8000
   180        0.10000000     0.561160E-012     0.000000E+000       17.9000
   181        0.10000000     0.561030E-012     0.000000E+000       18.0000
   182        0.10000000     0.559032E-012     0.000000E+000       18.1000
   183        0.10000000     0.559838E-012     0.000000E+000       18.2000
   184        0.10000000     0.558709E-012     0.000000E+000       18.3000
   185        0.10000000     0.560622E-012     0.000000E+000       18.4000
   186        0.10000000     0.562558E-012     0.000000E+000       18.5000
   187        0.10000000     0.566817E-012     0.000000E+000       18.6000
   188        0.10000000     0.567491E-012     0.000000E+000       18.7000
   189        0.10000000     0.571351E-012     0.000000E+000       18.8000
   190        0.10000000     0.577275E-012     0.000000E+000       18.9000
   191        0.10000000     0.580168E-012     0.000000E+000       19.0000
   192        0.10000000     0.585741E-012     0.000000E+000       19.1000
   193        0.10000000     0.591785E-012     0.000000E+000       19.2000
   194        0.10000000     0.598243E-012     0.000000E+000       19.3000
   195        0.10000000     0.605860E-012     0.000000E+000       19.4000
   196        0.10000000     0.612286E-012     0.000000E+000       19.5000
   197        0.10000000     0.621914E-012     0.000000E+000       19.6000
   198        0.10000000     0.628181E-012     0.000000E+000       19.7000
   199        0.10000000     0.635220E-012     0.000000E+000       19.8000
   200        0.10000000     0.644153E-012     0.000000E+000       19.9000
   201        0.10000000     0.651502E-012     0.000000E+000       20.0000
   202        0.10000000     0.660760E-012     0.000000E+000       20.1000
   203        0.10000000     0.668327E-012     0.000000E+000       20.2000
   204        0.10000000     0.676883E-012     0.000000E+000       20.3000
   205        0.10000000     0.685524E-012     0.000000E+000       20.4000
   206        0.10000000     0.692787E-012     0.000000E+000       20.5000
   207        0.10000000     0.703964E-012     0.000000E+000       20.6000
   208        0.10000000     0.711840E-012     0.000000E+000       20.7000
   209        0.10000000     0.720700E-012     0.000000E+000       20.8000
   210        0.10000000     0.729591E-012     0.000000E+000       20.9000
   211        0.10000000     0.739912E-012     0.000000E+000       21.0000
   212        0.10000000     0.747093E-012     0.000000E+000       21.1000
   213        0.10000000     0.756374E-012     0.000000E+000       21.2000
   214        0.10000000     0.765314E-012     0.000000E+000       21.3000
   215        0.10000000     0.776060E-012     0.000000E+000       21.4000
   216        0.10000000     0.784664E-012     0.000000E+000       21.5000
   217        0.10000000     0.793597E-012     0.000000E+000       21.6000
   218        0.10000000     0.800649E-012     0.000000E+000       21.7000
   219        0.10000000     0.811745E-012     0.000000E+000       21.8000
   220        0.10000000     0.820249E-012     0.000000E+000       21.9000
   221        0.10000000     0.829068E-012     0.000000E+000       22.0000
   222        0.10000000     0.837848E-012     0.000000E+000       22.1000
   223        0.10000000     0.846581E-012     0.000000E+000       22.2000
   224        0.10000000     0.855262E-012     0.000000E+000       22.3000
   225        0.10000000     0.863890E-012     0.000000E+000       22.4000
   226        0.10000000     0.875062E-012     0.000000E+000       22.5000
   227        0.10000000     0.882085E-012     0.000000E+000       22.6000
   228        0.10000000     0.890586E-012     0.000000E+000       22.7000
   229        0.10000000     0.899020E-012     0.000000E+000       22.8000
   230        0.10000000     0.907383E-012     0.000000E+000       22.9000
   231        0.10000000     0.913037E-012     0.000000E+000       23.0000
   232        0.10000000     0.922658E-012     0.000000E+000       23.1000
   233        0.10000000     0.933388E-012     0.000000E+000       23.2000
   234        0.10000000     0.938762E-012     0.000000E+000       23.3000
   235        0.10000000     0.949329E-012     0.000000E+000       23.4000
   236        0.10000000     0.955721E-012     0.000000E+000       23.5000
   237        0.10000000     0.963499E-012     0.000000E+000       23.6000
   238        0.10000000     0.971185E-012     0.000000E+000       23.7000
   239        0.10000000     0.978774E-012     0.000000E+000       23.8000
   240        0.10000000     0.986261E-012     0.000000E+000       23.9000
   241        0.10000000     0.990968E-012     0.000000E+000       24.0000
   242        0.10000000     0.100226E-011     0.000000E+000       24.1000
   243        0.10000000     0.100537E-011     0.000000E+000       24.2000
   244        0.10000000     0.101374E-011     0.000000E+000       24.3000
   245        0.10000000     0.102197E-011     0.000000E+000       24.4000
   246        0.10000000     0.102561E-011     0.000000E+000       24.5000
   247        0.10000000     0.103362E-011     0.000000E+000       24.6000
   248        0.10000000     0.104023E-011     0.000000E+000       24.7000
   249        0.10000000     0.104803E-011     0.000000E+000       24.8000
   250        0.10000000     0.105308E-011     0.000000E+000       24.9000
   251        0.10000000     0.105666E-011     0.000000E+000       25.0000
   252        0.10000000     0.106402E-011     0.000000E+000       25.1000
   253        0.10000000     0.107231E-011     0.000000E+000       25.2000
   254        0.10000000     0.107780E-011     0.000000E+000       25.3000
   255        0.10000000     0.108118E-011     0.000000E+000       25.4000
   256        0.10000000     0.108715E-011     0.000000E+000       25.5000
   257        0.10000000     0.109263E-011     0.000000E+000       25.6000
   258        0.10000000     0.109798E-011     0.000000E+000       25.7000
   259        0.10000000     0.110322E-011     0.000000E+000       25.8000
   260        0.10000000     0.110833E-011     0.000000E+000       25.9000
   261        0.10000000     0.111332E-011     0.000000E+000       26.0000
   262        0.10000000     0.111818E-011     0.000000E+000       26.1000
   263        0.10000000     0.112292E-011     0.000000E+000       26.2000
   264        0.10000000     0.112754E-011     0.000000E+000       26.3000
   265        0.10000000     0.113203E-011     0.000000E+000       26.4000
   266        0.10000000     0.113904E-011     0.000000E+000       26.5000
   267        0.10000000     0.114068E-011     0.000000E+000       26.6000
   268        0.10000000     0.114480E-011     0.000000E+000       26.7000
   269        0.10000000     0.114880E-011     0.000000E+000       26.8000
   270        0.10000000     0.115267E-011     0.000000E+000       26.9000
   271        0.10000000     0.115643E-011     0.000000E+000       27.0000
   272        0.10000000     0.116258E-011     0.000000E+000       27.1000
   273        0.10000000     0.116575E-011     0.000000E+000       27.2000
   274        0.10000000     0.116662E-011     0.000000E+000       27.3000
   275        0.10000000     0.117024E-011     0.000000E+000       27.4000
   276        0.10000000     0.117340E-011     0.000000E+000       27.5000
   277        0.10000000     0.117644E-011     0.000000E+000       27.6000
   278        0.10000000     0.117936E-011     0.000000E+000       27.7000
   279        0.10000000     0.118217E-011     0.000000E+000       27.8000
   280        0.10000000     0.118487E-011     0.000000E+000       27.9000
   281        0.10000000     0.118878E-011     0.000000E+000       28.0000
   282        0.10000000     0.119250E-011     0.000000E+000       28.1000
   283        0.10000000     0.119119E-011     0.000000E+000       28.2000
   284        0.10000000     0.119462E-011     0.000000E+000       28.3000
   285        0.10000000     0.119810E-011     0.000000E+000       28.4000
   286        0.10000000     0.119770E-011     0.000000E+000       28.5000
   287        0.10000000     0.119965E-011     0.000000E+000       28.6000
   288        0.10000000     0.120260E-011     0.000000E+000       28.7000
   289        0.10000000     0.120432E-011     0.000000E+000       28.8000
   290        0.10000000     0.120482E-011     0.000000E+000       28.9000
   291        0.10000000     0.120990E-011     0.000000E+000       29.0000
   292        0.10000000     0.120781E-011     0.000000E+000       29.1000
   293        0.10000000     0.121258E-011     0.000000E+000       29.2000
   294        0.10000000     0.121273E-011     0.000000E+000       29.3000
   295        0.10000000     0.121255E-011     0.000000E+000       29.4000
   296        0.10000000     0.121356E-011     0.000000E+000       29.5000
   297        0.10000000     0.121449E-011     0.000000E+000       29.6000
   298        0.10000000     0.121532E-011     0.000000E+000       29.7000
   299        0.10000000     0.121606E-011     0.000000E+000       29.8000
   300        0.10000000     0.121670E-011     0.000000E+000       29.9000
   301        0.10000000     0.121970E-011     0.000000E+000       30.0000
   302        0.10000000     0.121746E-011     0.000000E+000       30.1000
   303        0.10000000     0.121813E-011     0.000000E+000       30.2000
   304        0.10000000     0.121843E-011     0.000000E+000       30.3000
   305        0.10000000     0.122137E-011     0.000000E+000       30.4000
   306        0.10000000     0.122125E-011     0.000000E+000       30.5000
   307        0.10000000     0.121858E-011     0.000000E+000       30.6000
   308        0.10000000     0.121881E-011     0.000000E+000       30.7000
   309        0.10000000     0.121871E-011     0.000000E+000       30.8000
   310        0.10000000     0.122102E-011     0.000000E+000       30.9000
   311        0.10000000     0.122076E-011     0.000000E+000       31.0000
   312        0.10000000     0.121769E-011     0.000000E+000       31.1000
   313        0.10000000     0.121753E-011     0.000000E+000       31.2000
   314        0.10000000     0.121705E-011     0.000000E+000       31.3000
   315        0.10000000     0.121903E-011     0.000000E+000       31.4000
   316        0.10000000     0.121788E-011     0.000000E+000       31.5000
   317        0.10000000     0.121680E-011     0.000000E+000       31.6000
   318        0.10000000     0.121827E-011     0.000000E+000       31.7000
   319        0.10000000     0.121627E-011     0.000000E+000       31.8000
   320        0.10000000     0.121539E-011     0.000000E+000       31.9000
   321        0.10000000     0.121446E-011     0.000000E+000       32.0000
   322        0.10000000     0.121346E-011     0.000000E+000       32.1000
   323        0.10000000     0.121361E-011     0.000000E+000       32.2000
   324        0.10000000     0.121132E-011     0.000000E+000       32.3000
   325        0.10000000     0.121136E-011     0.000000E+000       32.4000
   326        0.10000000     0.121018E-011     0.000000E+000       32.5000
   327        0.10000000     0.120772E-011     0.000000E+000       32.6000
   328        0.10000000     0.120759E-011     0.000000E+000       32.7000
   329        0.10000000     0.120417E-011     0.000000E+000       32.8000
   330        0.10000000     0.120566E-011     0.000000E+000       32.9000
   331        0.10000000     0.120129E-011     0.000000E+000       33.0000
   332        0.10000000     0.120059E-011     0.000000E+000       33.1000
   333        0.10000000     0.120020E-011     0.000000E+000       33.2000
   334        0.10000000     0.119462E-011     0.000000E+000       33.3000
   335        0.10000000     0.119772E-011     0.000000E+000       33.4000
   336        0.10000000     0.119321E-011     0.000000E+000       33.5000
   337        0.10000000     0.119223E-011     0.000000E+000       33.6000
   338        0.10000000     0.119041E-011     0.000000E+000       33.7000
   339        0.10000000     0.118854E-011     0.000000E+000       33.8000
   340        0.10000000     0.118664E-011     0.000000E+000       33.9000
   341        0.10000000     0.118469E-011     0.000000E+000       34.0000
   342        0.10000000     0.118010E-011     0.000000E+000       34.1000
   343        0.10000000     0.118069E-011     0.000000E+000       34.2000
   344        0.10000000     0.117601E-011     0.000000E+000       34.3000
   345        0.10000000     0.117392E-011     0.000000E+000       34.4000
   346        0.10000000     0.117179E-011     0.000000E+000       34.5000
   347        0.10000000     0.116962E-011     0.000000E+000       34.6000
   348        0.10000000     0.116743E-011     0.000000E+000       34.7000
   349        0.10000000     0.116519E-011     0.000000E+000       34.8000
   350        0.10000000     0.116293E-011     0.000000E+000       34.9000
   351        0.10000000     0.116064E-011     0.000000E+000       35.0000
   352        0.10000000     0.115832E-011     0.000000E+000       35.1000
   353        0.10000000     0.115596E-011     0.000000E+000       35.2000
   354        0.10000000     0.115541E-011     0.000000E+000       35.3000
   355        0.10000000     0.115230E-011     0.000000E+000       35.4000
   356        0.10000000     0.115063E-011     0.000000E+000       35.5000
   357        0.10000000     0.114570E-011     0.000000E+000       35.6000
   358        0.10000000     0.114392E-011     0.000000E+000       35.7000
   359        0.10000000     0.114319E-011     0.000000E+000       35.8000
   360        0.10000000     0.113891E-011     0.000000E+000       35.9000
   361        0.10000000     0.113636E-011     0.000000E+000       36.0000
   362        0.10000000     0.113312E-011     0.000000E+000       36.1000
   363        0.10000000     0.113121E-011     0.000000E+000       36.2000
   364        0.10000000     0.113032E-011     0.000000E+000       36.3000
   365        0.10000000     0.112599E-011     0.000000E+000       36.4000
   366        0.10000000     0.112439E-011     0.000000E+000       36.5000
   367        0.10000000     0.112240E-011     0.000000E+000       36.6000
   368        0.10000000     0.111805E-011     0.000000E+000       36.7000
   369        0.10000000     0.111639E-011     0.000000E+000       36.8000
   370        0.10000000     0.111371E-011     0.000000E+000       36.9000
   371        0.10000000     0.111102E-011     0.000000E+000       37.0000
   372        0.10000000     0.110831E-011     0.000000E+000       37.1000
   373        0.10000000     0.110559E-011     0.000000E+000       37.2000
   374        0.10000000     0.110285E-011     0.000000E+000       37.3000
   375        0.10000000     0.109904E-011     0.000000E+000       37.4000
   376        0.10000000     0.110005E-011     0.000000E+000       37.5000
   377        0.10000000     0.109620E-011     0.000000E+000       37.6000
   378        0.10000000     0.109063E-011     0.000000E+000       37.7000
   379        0.10000000     0.108726E-011     0.000000E+000       37.8000
   380        0.10000000     0.108495E-011     0.000000E+000       37.9000
   381        0.10000000     0.108209E-011     0.000000E+000       38.0000
   382        0.10000000     0.108197E-011     0.000000E+000       38.1000
   383        0.10000000     0.107909E-011     0.000000E+000       38.2000
   384        0.10000000     0.107620E-011     0.000000E+000       38.3000
   385        0.10000000     0.107330E-011     0.000000E+000       38.4000
   386        0.10000000     0.107040E-011     0.000000E+000       38.5000
   387        0.10000000     0.106474E-011     0.000000E+000       38.6000
   388        0.10000000     0.106457E-011     0.000000E+000       38.7000
   389        0.10000000     0.106163E-011     0.000000E+000       38.8000
   390        0.10000000     0.105598E-011     0.000000E+000       38.9000
   391        0.10000000     0.105304E-011     0.000000E+000       39.0000
   392        0.10000000     0.105156E-011     0.000000E+000       39.1000
   393        0.10000000     0.104814E-011     0.000000E+000       39.2000
   394        0.10000000     0.104523E-011     0.000000E+000       39.3000
   395        0.10000000     0.104509E-011     0.000000E+000       39.4000
   396        0.10000000     0.104121E-011     0.000000E+000       39.5000
   397        0.10000000     0.103825E-011     0.000000E+000       39.6000
   398        0.10000000     0.103529E-011     0.000000E+000       39.7000
   399        0.10000000     0.102961E-011     0.000000E+000       39.8000
   400        0.10000000     0.102660E-011     0.000000E+000       39.9000
   401        0.10000000     0.102364E-011     0.000000E+000       40.0000
   402        0.10000000     0.102067E-011     0.000000E+000       40.1000
   403        0.10000000     0.101771E-011     0.000000E+000       40.2000
   404        0.10000000     0.101474E-011     0.000000E+000       40.3000
   405        0.10000000     0.101178E-011     0.000000E+000       40.4000
   406        0.10000000     0.101016E-011     0.000000E+000       40.5000
   407        0.10000000     0.100587E-011     0.000000E+000       40.6000
   408        0.10000000     0.100560E-011     0.000000E+000       40.7000
   409        0.10000000     0.100002E-011     0.000000E+000       40.8000
   410        0.10000000     0.996982E-012     0.000000E+000       40.9000
   411        0.10000000     0.996797E-012     0.000000E+000       41.0000
   412        0.10000000     0.992363E-012     0.000000E+000       41.1000
   413        0.10000000     0.989003E-012     0.000000E+000       41.2000
   414        0.10000000     0.988763E-012     0.000000E+000       41.3000
   415        0.10000000     0.985949E-012     0.000000E+000       41.4000
   416        0.10000000     0.979486E-012     0.000000E+000       41.5000
   417        0.10000000     0.977309E-012     0.000000E+000       41.6000
   418        0.10000000     0.976199E-012     0.000000E+000       41.7000
   419        0.10000000     0.974614E-012     0.000000E+000       41.8000
   420        0.10000000     0.970089E-012     0.000000E+000       41.9000
   421        0.10000000     0.968764E-012     0.000000E+000       42.0000
   422        0.10000000     0.965485E-012     0.000000E+000       42.1000
   423        0.10000000     0.961740E-012     0.000000E+000       42.2000
   424        0.10000000     0.958819E-012     0.000000E+000       42.3000
   425        0.10000000     0.955904E-012     0.000000E+000       42.4000
   426        0.10000000     0.952995E-012     0.000000E+000       42.5000
   427        0.10000000     0.950090E-012     0.000000E+000       42.6000
   428        0.10000000     0.947191E-012     0.000000E+000       42.7000
   429        0.10000000     0.944297E-012     0.000000E+000       42.8000
   430        0.10000000     0.938786E-012     0.000000E+000       42.9000
   431        0.10000000     0.935770E-012     0.000000E+000       43.0000
   432        0.10000000     0.932898E-012     0.000000E+000       43.1000
   433        0.10000000     0.932795E-012     0.000000E+000       43.2000
   434        0.10000000     0.927172E-012     0.000000E+000       43.3000
   435        0.10000000     0.925117E-012     0.000000E+000       43.4000
   436        0.10000000     0.921507E-012     0.000000E+000       43.5000
   437        0.10000000     0.918668E-012     0.000000E+000       43.6000
   438        0.10000000     0.915835E-012     0.000000E+000       43.7000
   439        0.10000000     0.913010E-012     0.000000E+000       43.8000
   440        0.10000000     0.910192E-012     0.000000E+000       43.9000
   441        0.10000000     0.907381E-012     0.000000E+000       44.0000
   442        0.10000000     0.908113E-012     0.000000E+000       44.1000
   443        0.10000000     0.902760E-012     0.000000E+000       44.2000
   444        0.10000000     0.899827E-012     0.000000E+000       44.3000
   445        0.10000000     0.896309E-012     0.000000E+000       44.4000
   446        0.10000000     0.893722E-012     0.000000E+000       44.5000
   447        0.10000000     0.890771E-012     0.000000E+000       44.6000
   448        0.10000000     0.888015E-012     0.000000E+000       44.7000
   449        0.10000000     0.885266E-012     0.000000E+000       44.8000
   450        0.10000000     0.883561E-012     0.000000E+000       44.9000
   451        0.10000000     0.880841E-012     0.000000E+000       45.0000
   452        0.10000000     0.877851E-012     0.000000E+000       45.1000
   453        0.10000000     0.875168E-012     0.000000E+000       45.2000
   454        0.10000000     0.872493E-012     0.000000E+000       45.3000
   455        0.10000000     0.869827E-012     0.000000E+000       45.4000
   456        0.10000000     0.867169E-012     0.000000E+000       45.5000
   457        0.10000000     0.864520E-012     0.000000E+000       45.6000
   458        0.10000000     0.861879E-012     0.000000E+000       45.7000
   459        0.10000000     0.859247E-012     0.000000E+000       45.8000
   460        0.10000000     0.856624E-012     0.000000E+000       45.9000
   461        0.10000000     0.854009E-012     0.000000E+000       46.0000
   462        0.10000000     0.851403E-012     0.000000E+000       46.1000
   463        0.10000000     0.849012E-012     0.000000E+000       46.2000
   464        0.10000000     0.845465E-012     0.000000E+000       46.3000
   465        0.10000000     0.842658E-012     0.000000E+000       46.4000
   466        0.10000000     0.840271E-012     0.000000E+000       46.5000
   467        0.10000000     0.837681E-012     0.000000E+000       46.6000
   468        0.10000000     0.835101E-012     0.000000E+000       46.7000
   469        0.10000000     0.832531E-012     0.000000E+000       46.8000
   470        0.10000000     0.829970E-012     0.000000E+000       46.9000
   471        0.10000000     0.827418E-012     0.000000E+000       47.0000
   472        0.10000000     0.824876E-012     0.000000E+000       47.1000
   473        0.10000000     0.822344E-012     0.000000E+000       47.2000
   474        0.10000000     0.819822E-012     0.000000E+000       47.3000
   475        0.10000000     0.817309E-012     0.000000E+000       47.4000
   476        0.10000000     0.814805E-012     0.000000E+000       47.5000
   477        0.10000000     0.812312E-012     0.000000E+000       47.6000
   478        0.10000000     0.809828E-012     0.000000E+000       47.7000
   479        0.10000000     0.808036E-012     0.000000E+000       47.8000
   480        0.10000000     0.805601E-012     0.000000E+000       47.9000
   481        0.10000000     0.803175E-012     0.000000E+000       48.0000
   482        0.10000000     0.800758E-012     0.000000E+000       48.1000
   483        0.10000000     0.798351E-012     0.000000E+000       48.2000
   484        0.10000000     0.795954E-012     0.000000E+000       48.3000
   485        0.10000000     0.796020E-012     0.000000E+000       48.4000
   486        0.10000000     0.793943E-012     0.000000E+000       48.5000
   487        0.10000000     0.791569E-012     0.000000E+000       48.6000
   488        0.10000000     0.789206E-012     0.000000E+000       48.7000
   489        0.10000000     0.786852E-012     0.000000E+000       48.8000
   490        0.10000000     0.784507E-012     0.000000E+000       48.9000
   491        0.10000000     0.782172E-012     0.000000E+000       49.0000
   492        0.10000000     0.779847E-012     0.000000E+000       49.1000
   493        0.10000000     0.774910E-012     0.000000E+000       49.2000
   494        0.10000000     0.772482E-012     0.000000E+000       49.3000
   495        0.10000000     0.770298E-012     0.000000E+000       49.4000
   496        0.10000000     0.770630E-012     0.000000E+000       49.5000
   497        0.10000000     0.765622E-012     0.000000E+000       49.6000
   498        0.10000000     0.766092E-012     0.000000E+000       49.7000
   499        0.10000000     0.761430E-012     0.000000E+000       49.8000
   500        0.10000000     0.758863E-012     0.000000E+000       49.9000
   501        0.10000000     0.756631E-012     0.000000E+000       50.0000
   502        0.10000000     0.754486E-012     0.000000E+000       50.1000
   503        0.10000000     0.754163E-012     0.000000E+000       50.2000
   504        0.10000000     0.752018E-012     0.000000E+000       50.3000
   505        0.10000000     0.749794E-012     0.000000E+000       50.4000
   506        0.10000000     0.747580E-012     0.000000E+000       50.5000
   507        0.10000000     0.745376E-012     0.000000E+000       50.6000
   508        0.10000000     0.743181E-012     0.000000E+000       50.7000
   509        0.10000000     0.740997E-012     0.000000E+000       50.8000
   510        0.10000000     0.738822E-012     0.000000E+000       50.9000
   511        0.10000000     0.736658E-012     0.000000E+000       51.0000
   512        0.10000000     0.734503E-012     0.000000E+000       51.1000
   513        0.10000000     0.732358E-012     0.000000E+000       51.2000
   514        0.10000000     0.730223E-012     0.000000E+000       51.3000
   515        0.10000000     0.728098E-012     0.000000E+000       51.4000
   516        0.10000000     0.725982E-012     0.000000E+000       51.5000
   517        0.10000000     0.723876E-012     0.000000E+000       51.6000
   518        0.10000000     0.719455E-012     0.000000E+000       51.7000
   519        0.10000000     0.719334E-012     0.000000E+000       51.8000
   520        0.10000000     0.717621E-012     0.000000E+000       51.9000
   521        0.10000000     0.716169E-012     0.000000E+000       52.0000
   522        0.10000000     0.711467E-012     0.000000E+000       52.1000
   523        0.10000000     0.709449E-012     0.000000E+000       52.2000
   524        0.10000000     0.707439E-012     0.000000E+000       52.3000
   525        0.10000000     0.705439E-012     0.000000E+000       52.4000
   526        0.10000000     0.703449E-012     0.000000E+000       52.5000
   527        0.10000000     0.701467E-012     0.000000E+000       52.6000
   528        0.10000000     0.699535E-012     0.000000E+000       52.7000
   529        0.10000000     0.697519E-012     0.000000E+000       52.8000
   530        0.10000000     0.695565E-012     0.000000E+000       52.9000
   531        0.10000000     0.693620E-012     0.000000E+000       53.0000
   532        0.10000000     0.691685E-012     0.000000E+000       53.1000
   533        0.10000000     0.689758E-012     0.000000E+000       53.2000
   534        0.10000000     0.687841E-012     0.000000E+000       53.3000
   535        0.10000000     0.685933E-012     0.000000E+000       53.4000
   536        0.10000000     0.684048E-012     0.000000E+000       53.5000
   537        0.10000000     0.682131E-012     0.000000E+000       53.6000
   538        0.10000000     0.680249E-012     0.000000E+000       53.7000
   539        0.10000000     0.678377E-012     0.000000E+000       53.8000
   540        0.10000000     0.676513E-012     0.000000E+000       53.9000
   541        0.10000000     0.674659E-012     0.000000E+000       54.0000
   542        0.10000000     0.672813E-012     0.000000E+000       54.1000
   543        0.10000000     0.670373E-012     0.000000E+000       54.2000
   544        0.10000000     0.669123E-012     0.000000E+000       54.3000
   545        0.10000000     0.666704E-012     0.000000E+000       54.4000
   546        0.10000000     0.665469E-012     0.000000E+000       54.5000
   547        0.10000000     0.663070E-012     0.000000E+000       54.6000
   548        0.10000000     0.661839E-012     0.000000E+000       54.7000
   549        0.10000000     0.659460E-012     0.000000E+000       54.8000
   550        0.10000000     0.658242E-012     0.000000E+000       54.9000
   551        0.10000000     0.655885E-012     0.000000E+000       55.0000
   552        0.10000000     0.654105E-012     0.000000E+000       55.1000
   553        0.10000000     0.652334E-012     0.000000E+000       55.2000
   554        0.10000000     0.650571E-012     0.000000E+000       55.3000
   555        0.10000000     0.648817E-012     0.000000E+000       55.4000
   556        0.10000000     0.647072E-012     0.000000E+000       55.5000
   557        0.10000000     0.645335E-012     0.000000E+000       55.6000
   558        0.10000000     0.643607E-012     0.000000E+000       55.7000
   559        0.10000000     0.641887E-012     0.000000E+000       55.8000
   560        0.10000000     0.640175E-012     0.000000E+000       55.9000
   561        0.10000000     0.638472E-012     0.000000E+000       56.0000
   562        0.10000000     0.636778E-012     0.000000E+000       56.1000
   563        0.10000000     0.635091E-012     0.000000E+000       56.2000
   564        0.10000000     0.633413E-012     0.000000E+000       56.3000
   565        0.10000000     0.632306E-012     0.000000E+000       56.4000
   566        0.10000000     0.630103E-012     0.000000E+000       56.5000
   567        0.10000000     0.628990E-012     0.000000E+000       56.6000
   568        0.10000000     0.629511E-012     0.000000E+000       56.7000
   569        0.10000000     0.626198E-012     0.000000E+000       56.8000
   570        0.10000000     0.624136E-012     0.000000E+000       56.9000
   571        0.10000000     0.622535E-012     0.000000E+000       57.0000
   572        0.10000000     0.620942E-012     0.000000E+000       57.1000
   573        0.10000000     0.619357E-012     0.000000E+000       57.2000
   574        0.10000000     0.617779E-012     0.000000E+000       57.3000
   575        0.10000000     0.616210E-012     0.000000E+000       57.4000
   576        0.10000000     0.614647E-012     0.000000E+000       57.5000
   577        0.10000000     0.613093E-012     0.000000E+000       57.6000
   578        0.10000000     0.611546E-012     0.000000E+000       57.7000
   579        0.10000000     0.610007E-012     0.000000E+000       57.8000
   580        0.10000000     0.608475E-012     0.000000E+000       57.9000
   581        0.10000000     0.609068E-012     0.000000E+000       58.0000
   582        0.10000000     0.605906E-012     0.000000E+000       58.1000
   583        0.10000000     0.606514E-012     0.000000E+000       58.2000
   584        0.10000000     0.602893E-012     0.000000E+000       58.3000
   585        0.10000000     0.600922E-012     0.000000E+000       58.4000
   586        0.10000000     0.602020E-012     0.000000E+000       58.5000
   587        0.10000000     0.600534E-012     0.000000E+000       58.6000
   588        0.10000000     0.598502E-012     0.000000E+000       58.7000
   589        0.10000000     0.597565E-012     0.000000E+000       58.8000
   590        0.10000000     0.595611E-012     0.000000E+000       58.9000
   591        0.10000000     0.594084E-012     0.000000E+000       59.0000
   592        0.10000000     0.593165E-012     0.000000E+000       59.1000
   593        0.10000000     0.591653E-012     0.000000E+000       59.2000
   594        0.10000000     0.589241E-012     0.000000E+000       59.3000
   595        0.10000000     0.588286E-012     0.000000E+000       59.4000
   596        0.10000000     0.586846E-012     0.000000E+000       59.5000
   597        0.10000000     0.585414E-012     0.000000E+000       59.6000
   598        0.10000000     0.583989E-012     0.000000E+000       59.7000
   599        0.10000000     0.582571E-012     0.000000E+000       59.8000
   600        0.10000000     0.581159E-012     0.000000E+000       59.9000
   601        0.10000000     0.577708E-012     0.000000E+000       60.0000
   602        0.10000000     0.578359E-012     0.000000E+000       60.1000
   603        0.10000000     0.576969E-012     0.000000E+000       60.2000
   604        0.10000000     0.575585E-012     0.000000E+000       60.3000
   605        0.10000000     0.574208E-012     0.000000E+000       60.4000
   606        0.10000000     0.572838E-012     0.000000E+000       60.5000
   607        0.10000000     0.571933E-012     0.000000E+000       60.6000
   608        0.10000000     0.570659E-012     0.000000E+000       60.7000
   609        0.10000000     0.569327E-012     0.000000E+000       60.8000
   610        0.10000000     0.568002E-012     0.000000E+000       60.9000
   611        0.10000000     0.566683E-012     0.000000E+000       61.0000
   612        0.10000000     0.562875E-012     0.000000E+000       61.1000
   613        0.10000000     0.563115E-012     0.000000E+000       61.2000
   614        0.10000000     0.562762E-012     0.000000E+000       61.3000
   615        0.10000000     0.558980E-012     0.000000E+000       61.4000
   616        0.10000000     0.557698E-012     0.000000E+000       61.5000
   617        0.10000000     0.556422E-012     0.000000E+000       61.6000
   618        0.10000000     0.555152E-012     0.000000E+000       61.7000
   619        0.10000000     0.555864E-012     0.000000E+000       61.8000
   620        0.10000000     0.555112E-012     0.000000E+000       61.9000
   621        0.10000000     0.553856E-012     0.000000E+000       62.0000
   622        0.10000000     0.552605E-012     0.000000E+000       62.1000
   623        0.10000000     0.550925E-012     0.000000E+000       62.2000
   624        0.10000000     0.550114E-012     0.000000E+000       62.3000
   625        0.10000000     0.546922E-012     0.000000E+000       62.4000
   626        0.10000000     0.545196E-012     0.000000E+000       62.5000
   627        0.10000000     0.543981E-012     0.000000E+000       62.6000
   628        0.10000000     0.542245E-012     0.000000E+000       62.7000
   629        0.10000000     0.541444E-012     0.000000E+000       62.8000
   630        0.10000000     0.539817E-012     0.000000E+000       62.9000
   631        0.10000000     0.539026E-012     0.000000E+000       63.0000
   632        0.10000000     0.537514E-012     0.000000E+000       63.1000
   633        0.10000000     0.536640E-012     0.000000E+000       63.2000
   634        0.10000000     0.535456E-012     0.000000E+000       63.3000
   635        0.10000000     0.534277E-012     0.000000E+000       63.4000
   636        0.10000000     0.532692E-012     0.000000E+000       63.5000
   637        0.10000000     0.531518E-012     0.000000E+000       63.6000
   638        0.10000000     0.530349E-012     0.000000E+000       63.7000
   639        0.10000000     0.529186E-012     0.000000E+000       63.8000
   640        0.10000000     0.528028E-012     0.000000E+000       63.9000
   641        0.10000000     0.526876E-012     0.000000E+000       64.0000
   642        0.10000000     0.525729E-012     0.000000E+000       64.1000
   643        0.10000000     0.524588E-012     0.000000E+000       64.2000
   644        0.10000000     0.523452E-012     0.000000E+000       64.3000
   645        0.10000000     0.524219E-012     0.000000E+000       64.4000
   646        0.10000000     0.521726E-012     0.000000E+000       64.5000
   647        0.10000000     0.520077E-012     0.000000E+000       64.6000
   648        0.10000000     0.521389E-012     0.000000E+000       64.7000
   649        0.10000000     0.520275E-012     0.000000E+000       64.8000
   650        0.10000000     0.519167E-012     0.000000E+000       64.9000
   651        0.10000000     0.516157E-012     0.000000E+000       65.0000
   652        0.10000000     0.515080E-012     0.000000E+000       65.1000
   653        0.10000000     0.513607E-012     0.000000E+000       65.2000
   654        0.10000000     0.514837E-012     0.000000E+000       65.3000
   655        0.10000000     0.511988E-012     0.000000E+000       65.4000
   656        0.10000000     0.510282E-012     0.000000E+000       65.5000
   657        0.10000000     0.509719E-012     0.000000E+000       65.6000
   658        0.10000000     0.508673E-012     0.000000E+000       65.7000
   659        0.10000000     0.507631E-012     0.000000E+000       65.8000
   660        0.10000000     0.506594E-012     0.000000E+000       65.9000
   661        0.10000000     0.505562E-012     0.000000E+000       66.0000
   662        0.10000000     0.504030E-012     0.000000E+000       66.1000
   663        0.10000000     0.503105E-012     0.000000E+000       66.2000
   664        0.10000000     0.502080E-012     0.000000E+000       66.3000
   665        0.10000000     0.501449E-012     0.000000E+000       66.4000
   666        0.10000000     0.500441E-012     0.000000E+000       66.5000
   667        0.10000000     0.499438E-012     0.000000E+000       66.6000
   668        0.10000000     0.498439E-012     0.000000E+000       66.7000
   669        0.10000000     0.496942E-012     0.000000E+000       66.8000
   670        0.10000000     0.496312E-012     0.000000E+000       66.9000
   671        0.10000000     0.494944E-012     0.000000E+000       67.0000
   672        0.10000000     0.493948E-012     0.000000E+000       67.1000
   673        0.10000000     0.492957E-012     0.000000E+000       67.2000
   674        0.10000000     0.492471E-012     0.000000E+000       67.3000
   675        0.10000000     0.491004E-012     0.000000E+000       67.4000
   676        0.10000000     0.490397E-012     0.000000E+000       67.5000
   677        0.10000000     0.489560E-012     0.000000E+000       67.6000
   678        0.10000000     0.488476E-012     0.000000E+000       67.7000
   679        0.10000000     0.487649E-012     0.000000E+000       67.8000
   680        0.10000000     0.486330E-012     0.000000E+000       67.9000
   681        0.10000000     0.485258E-012     0.000000E+000       68.0000
   682        0.10000000     0.484307E-012     0.000000E+000       68.1000
   683        0.10000000     0.485724E-012     0.000000E+000       68.2000
   684        0.10000000     0.484206E-012     0.000000E+000       68.3000
   685        0.10000000     0.483837E-012     0.000000E+000       68.4000
   686        0.10000000     0.482899E-012     0.000000E+000       68.5000
   687        0.10000000     0.481965E-012     0.000000E+000       68.6000
   688        0.10000000     0.481035E-012     0.000000E+000       68.7000
   689        0.10000000     0.480110E-012     0.000000E+000       68.8000
   690        0.10000000     0.477411E-012     0.000000E+000       68.9000
   691        0.10000000     0.475934E-012     0.000000E+000       69.0000
   692        0.10000000     0.475025E-012     0.000000E+000       69.1000
   693        0.10000000     0.476814E-012     0.000000E+000       69.2000
   694        0.10000000     0.473792E-012     0.000000E+000       69.3000
   695        0.10000000     0.472818E-012     0.000000E+000       69.4000
   696        0.10000000     0.474268E-012     0.000000E+000       69.5000
   697        0.10000000     0.471631E-012     0.000000E+000       69.6000
   698        0.10000000     0.470193E-012     0.000000E+000       69.7000
   699        0.10000000     0.471648E-012     0.000000E+000       69.8000
   700        0.10000000     0.470781E-012     0.000000E+000       69.9000
   701        0.10000000     0.469429E-012     0.000000E+000       70.0000
   702        0.10000000     0.466812E-012     0.000000E+000       70.1000
   703        0.10000000     0.465378E-012     0.000000E+000       70.2000
   704        0.10000000     0.464516E-012     0.000000E+000       70.3000
   705        0.10000000     0.463659E-012     0.000000E+000       70.4000
   706        0.10000000     0.465596E-012     0.000000E+000       70.5000
   707        0.10000000     0.464269E-012     0.000000E+000       70.6000
   708        0.10000000     0.463550E-012     0.000000E+000       70.7000
   709        0.10000000     0.462578E-012     0.000000E+000       70.8000
   710        0.10000000     0.461735E-012     0.000000E+000       70.9000
   711        0.10000000     0.460896E-012     0.000000E+000       71.0000
   712        0.10000000     0.460060E-012     0.000000E+000       71.1000
   713        0.10000000     0.459711E-012     0.000000E+000       71.2000
   714        0.10000000     0.458755E-012     0.000000E+000       71.3000
   715        0.10000000     0.456374E-012     0.000000E+000       71.4000
   716        0.10000000     0.454516E-012     0.000000E+000       71.5000
   717        0.10000000     0.454184E-012     0.000000E+000       71.6000
   718        0.10000000     0.455174E-012     0.000000E+000       71.7000
   719        0.10000000     0.452097E-012     0.000000E+000       71.8000
   720        0.10000000     0.451429E-012     0.000000E+000       71.9000
   721        0.10000000     0.450500E-012     0.000000E+000       72.0000
   722        0.10000000     0.451862E-012     0.000000E+000       72.1000
   723        0.10000000     0.449499E-012     0.000000E+000       72.2000
   724        0.10000000     0.448133E-012     0.000000E+000       72.3000
   725        0.10000000     0.447346E-012     0.000000E+000       72.4000
   726        0.10000000     0.447140E-012     0.000000E+000       72.5000
   727        0.10000000     0.448034E-012     0.000000E+000       72.6000
   728        0.10000000     0.445582E-012     0.000000E+000       72.7000
   729        0.10000000     0.444231E-012     0.000000E+000       72.8000
   730        0.10000000     0.443461E-012     0.000000E+000       72.9000
   731        0.10000000     0.443273E-012     0.000000E+000       73.0000
   732        0.10000000     0.441929E-012     0.000000E+000       73.1000
   733        0.10000000     0.442819E-012     0.000000E+000       73.2000
   734        0.10000000     0.442649E-012     0.000000E+000       73.3000
   735        0.10000000     0.441891E-012     0.000000E+000       73.4000
   736        0.10000000     0.441611E-012     0.000000E+000       73.5000
   737        0.10000000     0.440873E-012     0.000000E+000       73.6000
   738        0.10000000     0.440137E-012     0.000000E+000       73.7000
   739        0.10000000     0.439405E-012     0.000000E+000       73.8000
   740        0.10000000     0.437037E-012     0.000000E+000       73.9000
   741        0.10000000     0.435734E-012     0.000000E+000       74.0000
   742        0.10000000     0.437229E-012     0.000000E+000       74.1000
   743        0.10000000     0.434297E-012     0.000000E+000       74.2000
   744        0.10000000     0.433584E-012     0.000000E+000       74.3000
   745        0.10000000     0.432873E-012     0.000000E+000       74.4000
   746        0.10000000     0.432165E-012     0.000000E+000       74.5000
   747        0.10000000     0.431460E-012     0.000000E+000       74.6000
   748        0.10000000     0.430757E-012     0.000000E+000       74.7000
   749        0.10000000     0.430058E-012     0.000000E+000       74.8000
   750        0.10000000     0.429206E-012     0.000000E+000       74.9000
   751        0.10000000     0.428187E-012     0.000000E+000       75.0000
   752        0.10000000     0.427957E-012     0.000000E+000       75.1000
   753        0.10000000     0.427268E-012     0.000000E+000       75.2000
   754        0.10000000     0.426110E-012     0.000000E+000       75.3000
   755        0.10000000     0.425414E-012     0.000000E+000       75.4000
   756        0.10000000     0.424722E-012     0.000000E+000       75.5000
   757        0.10000000     0.424032E-012     0.000000E+000       75.6000
   758        0.10000000     0.423345E-012     0.000000E+000       75.7000
   759        0.10000000     0.424249E-012     0.000000E+000       75.8000
   760        0.10000000     0.421980E-012     0.000000E+000       75.9000
   761        0.10000000     0.421301E-012     0.000000E+000       76.0000
   762        0.10000000     0.420625E-012     0.000000E+000       76.1000
   763        0.10000000     0.419951E-012     0.000000E+000       76.2000
   764        0.10000000     0.419280E-012     0.000000E+000       76.3000
   765        0.10000000     0.418612E-012     0.000000E+000       76.4000
   766        0.10000000     0.417946E-012     0.000000E+000       76.5000
   767        0.10000000     0.417283E-012     0.000000E+000       76.6000
   768        0.10000000     0.416623E-012     0.000000E+000       76.7000
   769        0.10000000     0.415965E-012     0.000000E+000       76.8000
   770        0.10000000     0.415310E-012     0.000000E+000       76.9000
   771        0.10000000     0.414657E-012     0.000000E+000       77.0000
   772        0.10000000     0.414007E-012     0.000000E+000       77.1000
   773        0.10000000     0.413359E-012     0.000000E+000       77.2000
   774        0.10000000     0.412714E-012     0.000000E+000       77.3000
   775        0.10000000     0.412071E-012     0.000000E+000       77.4000
   776        0.10000000     0.411431E-012     0.000000E+000       77.5000
   777        0.10000000     0.410794E-012     0.000000E+000       77.6000
   778        0.10000000     0.410158E-012     0.000000E+000       77.7000
   779        0.10000000     0.411535E-012     0.000000E+000       77.8000
   780        0.10000000     0.411527E-012     0.000000E+000       77.9000
   781        0.10000000     0.408596E-012     0.000000E+000       78.0000
   782        0.10000000     0.408133E-012     0.000000E+000       78.1000
   783        0.10000000     0.407522E-012     0.000000E+000       78.2000
   784        0.10000000     0.409062E-012     0.000000E+000       78.3000
   785        0.10000000     0.406909E-012     0.000000E+000       78.4000
   786        0.10000000     0.405699E-012     0.000000E+000       78.5000
   787        0.10000000     0.405097E-012     0.000000E+000       78.6000
   788        0.10000000     0.404497E-012     0.000000E+000       78.7000
   789        0.10000000     0.403437E-012     0.000000E+000       78.8000
   790        0.10000000     0.402829E-012     0.000000E+000       78.9000
   791        0.10000000     0.402224E-012     0.000000E+000       79.0000
   792        0.10000000     0.401621E-012     0.000000E+000       79.1000
   793        0.10000000     0.401020E-012     0.000000E+000       79.2000
   794        0.10000000     0.400574E-012     0.000000E+000       79.3000
   795        0.10000000     0.399831E-012     0.000000E+000       79.4000
   796        0.10000000     0.399237E-012     0.000000E+000       79.5000
   797        0.10000000     0.400775E-012     0.000000E+000       79.6000
   798        0.10000000     0.400182E-012     0.000000E+000       79.7000
   799        0.10000000     0.399591E-012     0.000000E+000       79.8000
   800        0.10000000     0.399002E-012     0.000000E+000       79.9000
   801        0.10000000     0.398415E-012     0.000000E+000       80.0000
   802        0.10000000     0.396325E-012     0.000000E+000       80.1000
   803        0.10000000     0.395136E-012     0.000000E+000       80.2000
   804        0.10000000     0.394559E-012     0.000000E+000       80.3000
   805        0.10000000     0.394278E-012     0.000000E+000       80.4000
   806        0.10000000     0.395677E-012     0.000000E+000       80.5000
   807        0.10000000     0.395411E-012     0.000000E+000       80.6000
   808        0.10000000     0.394850E-012     0.000000E+000       80.7000
   809        0.10000000     0.394129E-012     0.000000E+000       80.8000
   810        0.10000000     0.393274E-012     0.000000E+000       80.9000
   811        0.10000000     0.392708E-012     0.000000E+000       81.0000
   812        0.10000000     0.392144E-012     0.000000E+000       81.1000
   813        0.10000000     0.389494E-012     0.000000E+000       81.2000
   814        0.10000000     0.388937E-012     0.000000E+000       81.3000
   815        0.10000000     0.388382E-012     0.000000E+000       81.4000
   816        0.10000000     0.387829E-012     0.000000E+000       81.5000
   817        0.10000000     0.387278E-012     0.000000E+000       81.6000
   818        0.10000000     0.388189E-012     0.000000E+000       81.7000
   819        0.10000000     0.388261E-012     0.000000E+000       81.8000
   820        0.10000000     0.387713E-012     0.000000E+000       81.9000
   821        0.10000000     0.387454E-012     0.000000E+000       82.0000
   822        0.10000000     0.385006E-012     0.000000E+000       82.1000
   823        0.10000000     0.384477E-012     0.000000E+000       82.2000
   824        0.10000000     0.383950E-012     0.000000E+000       82.3000
   825        0.10000000     0.383425E-012     0.000000E+000       82.4000
   826        0.10000000     0.384967E-012     0.000000E+000       82.5000
   827        0.10000000     0.384442E-012     0.000000E+000       82.6000
   828        0.10000000     0.383919E-012     0.000000E+000       82.7000
   829        0.10000000     0.383398E-012     0.000000E+000       82.8000
   830        0.10000000     0.382431E-012     0.000000E+000       82.9000
   831        0.10000000     0.382184E-012     0.000000E+000       83.0000
   832        0.10000000     0.380099E-012     0.000000E+000       83.1000
   833        0.10000000     0.379262E-012     0.000000E+000       83.2000
   834        0.10000000     0.380798E-012     0.000000E+000       83.3000
   835        0.10000000     0.379841E-012     0.000000E+000       83.4000
   836        0.10000000     0.379321E-012     0.000000E+000       83.5000
   837        0.10000000     0.378803E-012     0.000000E+000       83.6000
   838        0.10000000     0.378287E-012     0.000000E+000       83.7000
   839        0.10000000     0.377772E-012     0.000000E+000       83.8000
   840        0.10000000     0.377259E-012     0.000000E+000       83.9000
   841        0.10000000     0.377192E-012     0.000000E+000       84.0000
   842        0.10000000     0.374384E-012     0.000000E+000       84.1000
   843        0.10000000     0.373727E-012     0.000000E+000       84.2000
   844        0.10000000     0.373223E-012     0.000000E+000       84.3000
   845        0.10000000     0.372722E-012     0.000000E+000       84.4000
   846        0.10000000     0.373273E-012     0.000000E+000       84.5000
   847        0.10000000     0.371733E-012     0.000000E+000       84.6000
   848        0.10000000     0.371236E-012     0.000000E+000       84.7000
   849        0.10000000     0.370741E-012     0.000000E+000       84.8000
   850        0.10000000     0.370521E-012     0.000000E+000       84.9000
   851        0.10000000     0.371771E-012     0.000000E+000       85.0000
   852        0.10000000     0.371278E-012     0.000000E+000       85.1000
   853        0.10000000     0.368781E-012     0.000000E+000       85.2000
   854        0.10000000     0.369676E-012     0.000000E+000       85.3000
   855        0.10000000     0.369810E-012     0.000000E+000       85.4000
   856        0.10000000     0.367934E-012     0.000000E+000       85.5000
   857        0.10000000     0.366840E-012     0.000000E+000       85.6000
   858        0.10000000     0.366359E-012     0.000000E+000       85.7000
   859        0.10000000     0.367252E-012     0.000000E+000       85.8000
   860        0.10000000     0.367395E-012     0.000000E+000       85.9000
   861        0.10000000     0.365535E-012     0.000000E+000       86.0000
   862        0.10000000     0.364719E-012     0.000000E+000       86.1000
   863        0.10000000     0.363981E-012     0.000000E+000       86.2000
   864        0.10000000     0.363778E-012     0.000000E+000       86.3000
   865        0.10000000     0.363478E-012     0.000000E+000       86.4000
   866        0.10000000     0.362584E-012     0.000000E+000       86.5000
   867        0.10000000     0.362384E-012     0.000000E+000       86.6000
   868        0.10000000     0.362088E-012     0.000000E+000       86.7000
   869        0.10000000     0.361467E-012     0.000000E+000       86.8000
   870        0.10000000     0.361175E-012     0.000000E+000       86.9000
   871        0.10000000     0.360722E-012     0.000000E+000       87.0000
   872        0.10000000     0.360272E-012     0.000000E+000       87.1000
   873        0.10000000     0.359822E-012     0.000000E+000       87.2000
   874        0.10000000     0.359374E-012     0.000000E+000       87.3000
   875        0.10000000     0.358927E-012     0.000000E+000       87.4000
   876        0.10000000     0.358482E-012     0.000000E+000       87.5000
   877        0.10000000     0.358037E-012     0.000000E+000       87.6000
   878        0.10000000     0.357594E-012     0.000000E+000       87.7000
   879        0.10000000     0.356883E-012     0.000000E+000       87.8000
   880        0.10000000     0.356438E-012     0.000000E+000       87.9000
   881        0.10000000     0.356094E-012     0.000000E+000       88.0000
   882        0.10000000     0.355821E-012     0.000000E+000       88.1000
   883        0.10000000     0.355384E-012     0.000000E+000       88.2000
   884        0.10000000     0.354521E-012     0.000000E+000       88.3000
   885        0.10000000     0.354078E-012     0.000000E+000       88.4000
   886        0.10000000     0.353635E-012     0.000000E+000       88.5000
   887        0.10000000     0.354520E-012     0.000000E+000       88.6000
   888        0.10000000     0.354711E-012     0.000000E+000       88.7000
   889        0.10000000     0.353639E-012     0.000000E+000       88.8000
   890        0.10000000     0.353832E-012     0.000000E+000       88.9000
   891        0.10000000     0.353393E-012     0.000000E+000       89.0000
   892        0.10000000     0.351628E-012     0.000000E+000       89.1000
   893        0.10000000     0.350575E-012     0.000000E+000       89.2000
   894        0.10000000     0.350143E-012     0.000000E+000       89.3000
   895        0.10000000     0.349967E-012     0.000000E+000       89.4000
   896        0.10000000     0.350597E-012     0.000000E+000       89.5000
   897        0.10000000     0.350799E-012     0.000000E+000       89.6000
   898        0.10000000     0.349738E-012     0.000000E+000       89.7000
   899        0.10000000     0.349942E-012     0.000000E+000       89.8000
   900        0.10000000     0.349515E-012     0.000000E+000       89.9000
   901        0.10000000     0.349089E-012     0.000000E+000       90.0000
   902        0.10000000     0.348664E-012     0.000000E+000       90.1000
   903        0.10000000     0.348240E-012     0.000000E+000       90.2000
   904        0.10000000     0.347818E-012     0.000000E+000       90.3000
   905        0.10000000     0.346094E-012     0.000000E+000       90.4000
   906        0.10000000     0.346348E-012     0.000000E+000       90.5000
   907        0.10000000     0.346977E-012     0.000000E+000       90.6000
   908        0.10000000     0.345272E-012     0.000000E+000       90.7000
   909        0.10000000     0.344250E-012     0.000000E+000       90.8000
   910        0.10000000     0.345129E-012     0.000000E+000       90.9000
   911        0.10000000     0.345353E-012     0.000000E+000       91.0000
   912        0.10000000     0.344949E-012     0.000000E+000       91.1000
   913        0.10000000     0.344547E-012     0.000000E+000       91.2000
   914        0.10000000     0.342244E-012     0.000000E+000       91.3000
   915        0.10000000     0.343118E-012     0.000000E+000       91.4000
   916        0.10000000     0.343347E-012     0.000000E+000       91.5000
   917        0.10000000     0.341053E-012     0.000000E+000       91.6000
   918        0.10000000     0.340658E-012     0.000000E+000       91.7000
   919        0.10000000     0.340264E-012     0.000000E+000       91.8000
   920        0.10000000     0.339872E-012     0.000000E+000       91.9000
   921        0.10000000     0.339480E-012     0.000000E+000       92.0000
   922        0.10000000     0.339089E-012     0.000000E+000       92.1000
   923        0.10000000     0.340588E-012     0.000000E+000       92.2000
   924        0.10000000     0.339948E-012     0.000000E+000       92.3000
   925        0.10000000     0.339393E-012     0.000000E+000       92.4000
   926        0.10000000     0.339403E-012     0.000000E+000       92.5000
   927        0.10000000     0.338607E-012     0.000000E+000       92.6000
   928        0.10000000     0.338619E-012     0.000000E+000       92.7000
   929        0.10000000     0.337826E-012     0.000000E+000       92.8000
   930        0.10000000     0.337432E-012     0.000000E+000       92.9000
   931        0.10000000     0.337198E-012     0.000000E+000       93.0000
   932        0.10000000     0.334784E-012     0.000000E+000       93.1000
   933        0.10000000     0.335636E-012     0.000000E+000       93.2000
   934        0.10000000     0.334622E-012     0.000000E+000       93.3000
   935        0.10000000     0.333621E-012     0.000000E+000       93.4000
   936        0.10000000     0.333235E-012     0.000000E+000       93.5000
   937        0.10000000     0.335114E-012     0.000000E+000       93.6000
   938        0.10000000     0.334334E-012     0.000000E+000       93.7000
   939        0.10000000     0.332094E-012     0.000000E+000       93.8000
   940        0.10000000     0.331712E-012     0.000000E+000       93.9000
   941        0.10000000     0.333185E-012     0.000000E+000       94.0000
   942        0.10000000     0.330952E-012     0.000000E+000       94.1000
   943        0.10000000     0.332423E-012     0.000000E+000       94.2000
   944        0.10000000     0.332043E-012     0.000000E+000       94.3000
   945        0.10000000     0.331895E-012     0.000000E+000       94.4000
   946        0.10000000     0.331290E-012     0.000000E+000       94.5000
   947        0.10000000     0.329073E-012     0.000000E+000       94.6000
   948        0.10000000     0.328699E-012     0.000000E+000       94.7000
   949        0.10000000     0.330164E-012     0.000000E+000       94.8000
   950        0.10000000     0.328963E-012     0.000000E+000       94.9000
   951        0.10000000     0.327988E-012     0.000000E+000       95.0000
   952        0.10000000     0.327626E-012     0.000000E+000       95.1000
   953        0.10000000     0.327266E-012     0.000000E+000       95.2000
   954        0.10000000     0.326906E-012     0.000000E+000       95.3000
   955        0.10000000     0.326547E-012     0.000000E+000       95.4000
   956        0.10000000     0.327392E-012     0.000000E+000       95.5000
   957        0.10000000     0.326211E-012     0.000000E+000       95.6000
   958        0.10000000     0.325471E-012     0.000000E+000       95.7000
   959        0.10000000     0.325116E-012     0.000000E+000       95.8000
   960        0.10000000     0.324761E-012     0.000000E+000       95.9000
   961        0.10000000     0.324408E-012     0.000000E+000       96.0000
   962        0.10000000     0.324055E-012     0.000000E+000       96.1000
   963        0.10000000     0.323703E-012     0.000000E+000       96.2000
   964        0.10000000     0.323121E-012     0.000000E+000       96.3000
   965        0.10000000     0.322997E-012     0.000000E+000       96.4000
   966        0.10000000     0.322647E-012     0.000000E+000       96.5000
   967        0.10000000     0.322299E-012     0.000000E+000       96.6000
   968        0.10000000     0.321951E-012     0.000000E+000       96.7000
   969        0.10000000     0.321377E-012     0.000000E+000       96.8000
   970        0.10000000     0.321253E-012     0.000000E+000       96.9000
   971        0.10000000     0.320682E-012     0.000000E+000       97.0000
   972        0.10000000     0.320558E-012     0.000000E+000       97.1000
   973        0.10000000     0.319832E-012     0.000000E+000       97.2000
   974        0.10000000     0.320815E-012     0.000000E+000       97.3000
   975        0.10000000     0.319752E-012     0.000000E+000       97.4000
   976        0.10000000     0.318942E-012     0.000000E+000       97.5000
   977        0.10000000     0.318440E-012     0.000000E+000       97.6000
   978        0.10000000     0.318249E-012     0.000000E+000       97.7000
   979        0.10000000     0.317749E-012     0.000000E+000       97.8000
   980        0.10000000     0.317402E-012     0.000000E+000       97.9000
   981        0.10000000     0.317057E-012     0.000000E+000       98.0000
   982        0.10000000     0.316712E-012     0.000000E+000       98.1000
   983        0.10000000     0.317532E-012     0.000000E+000       98.2000
   984        0.10000000     0.317819E-012     0.000000E+000       98.3000
   985        0.10000000     0.317474E-012     0.000000E+000       98.4000
   986        0.10000000     0.315340E-012     0.000000E+000       98.5000
   987        0.10000000     0.314999E-012     0.000000E+000       98.6000
   988        0.10000000     0.314659E-012     0.000000E+000       98.7000
   989        0.10000000     0.314319E-012     0.000000E+000       98.8000
   990        0.10000000     0.313980E-012     0.000000E+000       98.9000
   991        0.10000000     0.313642E-012     0.000000E+000       99.0000
   992        0.10000000     0.313305E-012     0.000000E+000       99.1000
   993        0.10000000     0.314750E-012     0.000000E+000       99.2000
   994        0.10000000     0.314784E-012     0.000000E+000       99.3000
   995        0.10000000     0.314238E-012     0.000000E+000       99.4000
   996        0.10000000     0.314122E-012     0.000000E+000       99.5000
   997        0.10000000     0.312270E-012     0.000000E+000       99.6000
   998        0.10000000     0.313296E-012     0.000000E+000       99.7000
   999        0.10000000     0.312915E-012     0.000000E+000       99.8000
  1000        0.10000000     0.312636E-012     0.000000E+000       99.9000
