#    time[fs]          Re(autocorrel)      Im(autocorrel)      Abs(autocorrel)
     0.00000000        1.00000000000000    0.00000000000000    1.00000000000000
     0.20000000       -0.99115342523833    0.12431675764188    0.99891930034025
     0.40000000        0.96495995078438   -0.24557789571277    0.99571894100721
     0.60000000       -0.92242045399668    0.36091792056503    0.99051564315584
     0.80000000        0.86509905444426   -0.46782575510803    0.98349240522881
     1.00000000       -0.79498848291550    0.56426738423710    0.97488684927127
     1.20000000        0.71435374818942   -0.64875768363413    0.96498073018408
     1.40000000       -0.62556841780457    0.72038014539027    0.95408773140997
     1.60000000        0.53095737663387   -0.77874725735383    0.94253011975111
     1.80000000       -0.43267505401009    0.82392263855367    0.93062141426247
     2.00000000        0.33262543805903   -0.85632421917863    0.91865709075577
     2.20000000       -0.23241785624589    0.87662368563264    0.90691077075647
     2.40000000        0.13335267239381   -0.88563114587308    0.89561457210958
     2.60000000       -0.03644477793451    0.88420064708193    0.88495141456399
     2.80000000       -0.05753156736334   -0.87317211092590    0.87506537843870
     3.00000000        0.14799278327464    0.85331825325493    0.86605652542973
     3.20000000       -0.23448439135170   -0.82530730721891    0.85797149203019
     3.40000000        0.31662392911329    0.78971036442058    0.85081911835620
     3.60000000       -0.39405691880818   -0.74701492192909    0.84457808925245
     3.80000000        0.46641233733706    0.69763431188824    0.83918657135586
     4.00000000       -0.53327951295351   -0.64195220448276    0.83455956754219
     4.20000000        0.59420518122136    0.58036241277394    0.83060238836106
     4.40000000       -0.64868511981994   -0.51329106968500    0.82720016132384
     4.60000000        0.69618372324645    0.44123724200344    0.82423423869923
     4.80000000       -0.73616875577649   -0.36479843305531    0.82159742802732
     5.00000000        0.76812860748516    0.28467223892255    0.81918242244953
     5.20000000       -0.79161005709912   -0.20166458723649    0.81689355992427
     5.40000000        0.80626288818029    0.11667849223164    0.81466171838762
     5.60000000       -0.81184999569516   -0.03068773875913    0.81242978331692
     5.80000000        0.80826789411276   -0.05528706492417    0.81015655783398
     6.00000000       -0.79556908996310    0.14021154772978    0.80783009044074
     6.20000000        0.77394389139711   -0.22307094870504    0.80545005753744
     6.40000000       -0.74370864986370    0.30289338965506    0.80302363687430
     6.60000000        0.70530331554763   -0.37877539474428    0.80057702102057
     6.80000000       -0.65925706197592    0.44989425299183    0.79813827914729
     7.00000000        0.60616452489829   -0.51550665962704    0.79572768417657
     7.20000000       -0.54668148984177    0.57495532226228    0.79336893935504
     7.40000000        0.48150308801445   -0.62766053928172    0.79107709885881
     7.60000000       -0.41135339011317    0.67310320483276    0.78884696609274
     7.80000000        0.33699591199277   -0.71082841263687    0.78666592459041
     8.00000000       -0.25923232456184    0.74044204283121    0.78450992147314
     8.20000000        0.17890700299583   -0.76160154090284    0.78233280822584
     8.40000000       -0.09692013894617    0.77403678385568    0.78008105738762
     8.60000000        0.01422777950422   -0.77756857106962    0.77769872857352
     8.80000000        0.06816253551183    0.77211559901492    0.77511846158479
     9.00000000       -0.14920042312323   -0.75772667535263    0.77227616873830
     9.20000000        0.22781813266751    0.73460860124339    0.76912346121600
     9.40000000       -0.30296043596217   -0.70312629363627    0.76561844972615
     9.60000000        0.37361994409173    0.66381564688423    0.76173688086598
     9.80000000       -0.43888705784756   -0.61738622669037    0.75748769128816
    10.00000000        0.49798458622256    0.56468623431368    0.75290051888588
    10.20000000       -0.55030043659129   -0.50667383201152    0.74803004121345
    10.40000000        0.59542293807109    0.44438250745466    0.74296991063764
    10.60000000       -0.63314033804091   -0.37885747459015    0.73783444871284
    10.80000000        0.66343368261196    0.31110873995725    0.73275705339618
    11.00000000       -0.68647043789457   -0.24206943070927    0.72790059169304
    11.20000000        0.70255397436034    0.17254646139766    0.72343235221433
    11.40000000       -0.71208511758502   -0.10320095234432    0.71952460086563
    11.60000000        0.71552582881694    0.03453411430859    0.71635872072254
    11.80000000       -0.71332896088303    0.03311381930298    0.71409714427610
    12.00000000        0.70591242682153   -0.09954450828814    0.71289653069109
    12.20000000       -0.69361432018738    0.16468005246633    0.71289574612934
    12.40000000        0.67665347153801   -0.22852229457934    0.71420050382525
    12.60000000       -0.65513245908608    0.29111858693674    0.71690206486536
    12.80000000        0.62900509359852   -0.35250979257595    0.72104823807760
    13.00000000       -0.59809726168412    0.41268678101637    0.72665721881758
    13.20000000        0.56211893051957   -0.47154811136007    0.73371337276604
    13.40000000       -0.52068273547410    0.52884614248209    0.74215143565109
    13.60000000        0.47336339112427   -0.58416691844608    0.75188023558507
    13.80000000       -0.41973163554004    0.63688950235636    0.76276004358176
    14.00000000        0.35942624489200   -0.68617729838059    0.77461378139693
    14.20000000       -0.29222589608031    0.73099215934562    0.78723917036991
    14.40000000        0.21811069779156   -0.77010313103102    0.80039434587889
    14.60000000       -0.13733856190283    0.80214823590409    0.81382041812035
    14.80000000        0.05049484401850   -0.82570891134130    0.82725143429364
    15.00000000        0.04147701117834    0.83938713478521    0.84041127104485
    15.20000000       -0.13726664700287   -0.84191794458277    0.85303455837961
    15.40000000        0.23522999296407    0.83228151572930    0.86488477325858
    15.60000000       -0.33345170627416   -0.80978597165202    0.87575302471733
    15.80000000        0.42983430420414    0.77414261515305    0.88546841709158
    16.00000000       -0.52221478846856   -0.72551786335490    0.89391523946196
    16.20000000        0.60848822299102    0.66453212474646    0.90103321933146
    16.40000000       -0.68671807915074   -0.59222169939372    0.90681214232346
    16.60000000        0.75523259393372    0.50997444825180    0.91129040860177
    16.80000000       -0.81270057826580   -0.41944509325867    0.91455804417890
    17.00000000        0.85816476731050    0.32244849142119    0.91674412868198
    17.20000000       -0.89103809744525   -0.22085639080445    0.91800132704589
    17.40000000        0.91107607934474    0.11651206067539    0.91849588057705
    17.60000000       -0.91833860790541   -0.01116296386617    0.91840645170422
    17.80000000        0.91312498699660   -0.09358826545321    0.91790849506260
    18.00000000       -0.89590527325284    0.19630371929566    0.91715942390162
    18.20000000        0.86726692740510   -0.29570855491939    0.91629442474741
    18.40000000       -0.82788003011498    0.39067968551027    0.91543211705379
    18.60000000        0.77845526878888   -0.48022094685141    0.91466101004691
    18.80000000       -0.71972551980019    0.56343118228556    0.91403474825816
    19.00000000        0.65245272110988   -0.63948282239296    0.91358241742021
    19.20000000       -0.57743649171627    0.70760852895812    0.91331414760742
    19.40000000        0.49551902308920   -0.76708479191716    0.91321310778693
    19.60000000       -0.40760617443651    0.81723258085474    0.91324251141154
    19.80000000        0.31468718225489   -0.85744182936745    0.91336439246585
    20.00000000       -0.21783410822336    0.88718351924448    0.91353505434903
    20.20000000        0.11820143295360   -0.90602771847074    0.91370553538302
    20.40000000       -0.01701849781186    0.91367807111643    0.91383655371561
    20.60000000       -0.08443481745050   -0.90999712126336    0.91390590276324
    20.80000000        0.18485730693251    0.89500805196083    0.91389913940274
    21.00000000       -0.28295551207964   -0.86890168324378    0.91381286758293
    21.20000000        0.37748098961494    0.83204354483786    0.91366753145060
    21.40000000       -0.46725897770478   -0.78494799099868    0.91349564904196
    21.60000000        0.55120601856117    0.72825075819021    0.91333303986151
    21.80000000       -0.62834487270380   -0.66269166190811    0.91322369538667
    22.00000000        0.69781256878379    0.58908886767749    0.91321852542214
    22.20000000       -0.75884502326086   -0.50830612493414    0.91335693240559
    22.40000000        0.81076194404682    0.42124134205604    0.91366251875172
    22.60000000       -0.85296186816627   -0.32882758678669    0.91415071535149
    22.80000000        0.88489931289742    0.23202952743193    0.91481391308102
    23.00000000       -0.90606801575723   -0.13185790422130    0.91561223019566
    23.20000000        0.91600841238023    0.02939481294409    0.91647993244772
    23.40000000       -0.91432455238496    0.07418565734899    0.91732922053659
    23.60000000        0.90069759770192   -0.17759736746358    0.91803975264473
    23.80000000       -0.87492559958104    0.27942594990603    0.91846266461034
    24.00000000        0.83698422410902   -0.37813217651632    0.91843700618188
    24.20000000       -0.78707589122523    0.47207433932740    0.91779226429481
    24.40000000        0.72567700142550   -0.55954635891591    0.91635104527356
    24.60000000       -0.65358392604705    0.63884055381479    0.91394157449230
    24.80000000        0.57194313235443   -0.70833744633195    0.91041797242995
    25.00000000       -0.48223998221383    0.76659795156972    0.90566429751674
    25.20000000        0.38626143564083   -0.81245476159452    0.89960026472924
    25.40000000       -0.28603098935590    0.84509776337973    0.89219053824917
    25.60000000        0.18371576814440   -0.86414546791876    0.88345847281546
    25.80000000       -0.08150721030347    0.86967105406747    0.87348220795519
    26.00000000       -0.01849957088613   -0.86219009962179    0.86238854468784
    26.20000000        0.11441511260066    0.84261739055100    0.85034986026364
    26.40000000       -0.20465037344111   -0.81220019720255    0.83758637505958
    26.60000000        0.28798037903239    0.77240922806022    0.82434744756093
    26.80000000       -0.36356767099212   -0.72482370248626    0.81089509252216
    27.00000000        0.43095583411544    0.67103351530008    0.79750166746792
    27.20000000       -0.49003762211079   -0.61254501204144    0.78444136993203
    27.40000000        0.54098582394684    0.55069490262761    0.77196537324641
    27.60000000       -0.58418338567342   -0.48661069849958    0.76030270286979
    27.80000000        0.62015417171853    0.42118895651074    0.74966081249222
    28.00000000       -0.64947235184116   -0.35508231457922    0.74020117936479
    28.20000000        0.67270892599086    0.28872893376810    0.73205306932123
    28.40000000       -0.69037810726337   -0.22237954788413    0.72530999876309
    28.60000000        0.70288186549956    0.15613546262663    0.72001472175072
    28.80000000       -0.71050687659402   -0.09000358207202    0.71618479910787
    29.00000000        0.71339083988605    0.02393652925386    0.71379230022889
    29.20000000       -0.71153041486548    0.04211291173915    0.71277558082035
    29.40000000        0.70480024006221   -0.10815031296448    0.71304969573380
    29.60000000       -0.69295443214135    0.17409719964689    0.71448980395051
    29.80000000        0.67568339890606   -0.23975986328804    0.71696084105141
    30.00000000       -0.65263378801077    0.30480570930464    0.72030367323650
    30.20000000        0.62345836900453   -0.36874708506675    0.72434435914627
    30.40000000       -0.58787451668241    0.43095076448255    0.72891358114160
    30.60000000        0.54569172044967   -0.49064157206547    0.73383145613022
    30.80000000       -0.49686917606678    0.54693745318492    0.73893136069711
    31.00000000        0.44154326510737   -0.59889163996944    0.74406427906933
    31.20000000       -0.38003920455585    0.64552868954970    0.74909083963909
    31.40000000        0.31288717934201   -0.68591013938472    0.75390391052665
    31.60000000       -0.24080336419648    0.71918135736150    0.75842473916973
    31.80000000        0.16466229097895   -0.74460531657899    0.76259474660407
    32.00000000       -0.08546617503953    0.76161095836246    0.76639136149468
    32.20000000        0.00429597118017   -0.76980816185147    0.76982014875003
    32.40000000        0.07773186738736    0.76898257067959    0.77290131143408
    32.60000000       -0.15950494844510   -0.75910185743456    0.77567870831876
    32.80000000        0.23995209887348    0.74029588128400    0.77821269688938
    33.00000000       -0.31806357904767   -0.71282015472936    0.78056198556233
    33.20000000        0.39290455036967    0.67704126002886    0.78278915007980
    33.40000000       -0.46362393226064   -0.63341388256897    0.78495878694102
    33.60000000        0.52944264096094    0.58244852221801    0.78711866392662
    33.80000000       -0.58964774020646   -0.52470732286061    0.78930490445336
    34.00000000        0.64359114701175    0.46080251631074    0.79154818144583
    34.20000000       -0.69067144843519   -0.39138505049526    0.79385723366028
    34.40000000        0.73033272406315    0.31715712156316    0.79622517392741
    34.60000000       -0.76208061660450   -0.23888183986998    0.79864347466436
    34.80000000        0.78547746195413    0.15738103092386    0.80108902884296
    35.00000000       -0.80015786634805   -0.07354240105828    0.80353039508912
    35.20000000        0.80586235593731   -0.01168429864518    0.80594705753645
    35.40000000       -0.80244135981007    0.09730348741077    0.80831930856323
    35.60000000        0.78986946279867   -0.18228924503252    0.81063132009341
    35.80000000       -0.76827184077906    0.26561377431171    0.81289132018871
    36.00000000        0.73791310407487   -0.34627889974013    0.81512258315584
    36.20000000       -0.69918479099382    0.42334127969082    0.81735990300928
    36.40000000        0.65260258833252   -0.49594623741807    0.81966627886441
    36.60000000       -0.59877034746270    0.56334861138601    0.82212382701826
    36.80000000        0.53834236774621   -0.62491502922411    0.82482197998160
    37.00000000       -0.47200201900277    0.68013366514259    0.82786937882916
    37.20000000        0.40042424964700   -0.72860183316873    0.83138451453115
    37.40000000       -0.32424372274236    0.76999248504238    0.83547735981267
    37.60000000        0.24404994989954   -0.80403597666180    0.84025843037274
    37.80000000       -0.16037711904321    0.83048623207147    0.84582988950076
    38.00000000        0.07371217176737   -0.84907079605124    0.85226445483415
    38.20000000        0.01547712489747    0.85947465130563    0.85961399339007
    38.40000000       -0.10671166191761   -0.86131776200641    0.86790302795701
    38.60000000        0.19945432215499    0.85412956453129    0.87710851075150
    38.80000000       -0.29305703401609   -0.83736825078299    0.88716853675368
    39.00000000        0.38671270665370    0.81044822941330    0.89798276712116
    39.20000000       -0.47940238634205   -0.77277099412551    0.90939631481119
    39.40000000        0.56985838205710    0.72379862139759    0.92120737075741
    39.60000000       -0.65655557622156   -0.66314534825959    0.93318110653076
    39.80000000        0.73771612817364    0.59066053262019    0.94504230093826
    40.00000000       -0.81135025971339   -0.50652899241486    0.95648359321726
    40.20000000        0.87534325467323    0.41136764815665    0.96718620516003
    40.40000000       -0.92757304964164   -0.30628897244438    0.97683401715057
    40.60000000        0.96604515143640    0.19292813091685    0.98512156524606
    40.80000000       -0.98904901946426   -0.07342749879108    0.99177092137345
    41.00000000        0.99531464095010   -0.04963182557462    0.99655132963611
    41.20000000       -0.98414542016278    0.17335361086998    0.99929659382439
    41.40000000        0.95549727983418   -0.29469242206841    0.99990933358733
    41.60000000       -0.91000680574485    0.41063801000525    0.99836664696043
    41.80000000        0.84895787467757   -0.51840317242171    0.99472173101524
    42.00000000       -0.77419296777619    0.61559140531661    0.98910440786288
    42.20000000        0.68797319821904   -0.70032541696857    0.98171422069762
    42.40000000       -0.59280648023387    0.77131478533582    0.97280317695046
    42.60000000        0.49127397326984   -0.82786725548826    0.96266001761889
    42.80000000       -0.38587425487525    0.86984733929608    0.95159515249711
    43.00000000        0.27889848694673   -0.89760175184134    0.93993258850293
    43.20000000       -0.17233631430151    0.91184585095055    0.92798850268889
    43.40000000        0.06783103669239   -0.91353872395649    0.91605351901885
    43.60000000        0.03332310320881    0.90377079888647    0.90438492143962
    43.80000000       -0.13015651673703   -0.88367577727939    0.89320971680756
    44.00000000        0.22197794064642    0.85434116209836    0.88270778142554
    44.20000000       -0.30830786698852   -0.81675294850490    0.87300579593634
    44.40000000        0.38881618301873    0.77178305302346    0.86419159051189
    44.60000000       -0.46326219766615   -0.72017857544056    0.85631130105241
    44.80000000        0.53143379835499    0.66256537014357    0.84936137877084
    45.00000000       -0.59311111282114   -0.59948865005317    0.84330743723419
    45.20000000        0.64804477191490    0.53144540596409    0.83809083393542
    45.40000000       -0.69593162307196   -0.45891318036423    0.83361989605790
    45.60000000        0.73642544683614    0.38239849985257    0.82978976339631
    45.80000000       -0.76915824264528   -0.30246695307474    0.82649298843457
    46.00000000        0.79374997384388    0.21975997196261    0.82361002073443
    46.20000000       -0.80984943417708   -0.13501519045394    0.82102692263424
    46.40000000        0.81717534575774    0.04906480271072    0.81864699387424
    46.60000000       -0.81553192272271    0.03717914183552    0.81637895953253
    46.80000000        0.80484320298044   -0.12274051590865    0.81414852184926
    47.00000000       -0.78518048309243    0.20661325869646    0.81190974233497
    47.20000000        0.75675301797388   -0.28779173624195    0.80962905929922
    47.40000000       -0.71990989933918    0.36530016804850    0.80728834745883
    47.60000000        0.67513911836139   -0.43822852712053    0.80489568959215
    47.80000000       -0.62303259540473    0.50574925141700    0.80246614897179
    48.00000000        0.56426527189636   -0.56712672196453    0.80001750970495
    48.20000000       -0.49958311499268    0.62173320840944    0.79758101232720
    48.40000000        0.42977000594254   -0.66903967627781    0.79518321564390
    48.60000000       -0.35563340245643    0.70860183902696    0.79283774078630
    48.80000000        0.27800347762011   -0.74006431568842    0.79055747730588
    49.00000000       -0.19772335663350    0.76314414228030    0.78834225286683
    49.20000000        0.11565125021682   -0.77761670100131    0.78616979422570
    49.40000000       -0.03267248791924    0.78332955600887    0.78401064073384
    49.60000000       -0.05030046399842   -0.78020439417410    0.78182417036507
    49.80000000        0.13232218240408    0.76823828229171    0.77955065155171
    50.00000000       -0.21241575342382   -0.74753447857892    0.77712820626128
    50.20000000        0.28958775610259    0.71832110322705    0.77449743435718
    50.40000000       -0.36284281072400   -0.68095712928181    0.77159414021480
    50.60000000        0.43121334875420    0.63595619159656    0.76836529709105
    50.80000000       -0.49380117366738   -0.58399399107652    0.76478008651426
    51.00000000        0.54980821870203    0.52588843019816    0.76082042452118
    51.20000000       -0.59857647800078   -0.46258670508952    0.75649207513456
    51.40000000        0.63962956521969    0.39513727574177    0.75183738094335
    51.60000000       -0.67268270771109   -0.32463514549660    0.74692034578335
    51.80000000        0.69765280876971    0.25217817054161    0.74183102609825
    52.00000000       -0.71466381717774   -0.17881879451774    0.73669568537887
    52.20000000        0.72400741130866    0.10550985122196    0.73165501456270
    52.40000000       -0.72611273562670   -0.03307217612430    0.72686551278272
    52.60000000        0.72151352513483   -0.03783285806469    0.72250473500306
    52.80000000       -0.71077797422870    0.10671491783876    0.71874432334314
    53.00000000        0.69447432915354   -0.17324856852384    0.71575810183945
    53.20000000       -0.67312618860988    0.23725993077601    0.71371642866359
    53.40000000        0.64715905794120   -0.29869221721219    0.71276355609590
    53.60000000       -0.61689614626502    0.35757504755315    0.71303630335999
    53.80000000        0.58252210059748   -0.41397807038404    0.71463965776005
    54.00000000       -0.54408575817278    0.46796313041725    0.71764810574289
    54.20000000        0.50151365937668   -0.51954913090351    0.72211304514181
    54.40000000       -0.45461232752531    0.56865255616325    0.72803715425037
    54.60000000        0.40311776973159   -0.61506571078770    0.73539769163368
    54.80000000       -0.34672158297150    0.65841447432336    0.74412732519158
    55.00000000        0.28512745527263   -0.69813479047869    0.75411527727992
    55.20000000       -0.21811434026041    0.73347959450643    0.76522296161612
    55.40000000        0.14559215963276   -0.76350573050135    0.77726319702848
    55.60000000       -0.06767511145357    0.78711715705471    0.79002110075626
    55.80000000       -0.01526209925373   -0.80311401865473    0.80325902337502
    56.00000000        0.10253706044226    0.81024747101497    0.81670974835023
    56.20000000       -0.19312891396009   -0.80732268372108    0.83010161610372
    56.40000000        0.28568245042903    0.79329494539083    0.84316744058685
    56.60000000       -0.37853571376761   -0.76735849974051    0.85564499281043
    56.80000000        0.46978151838893    0.72904584439147    0.86729609606194
    57.00000000       -0.55736656254037   -0.67830287998865    0.87792498656717
    57.20000000        0.63919888112541    0.61551682200905    0.88737600137038
    57.40000000       -0.71326566546294   -0.54151942753848    0.89553961382504
    57.60000000        0.77775417730509    0.45755693966128    0.90236351508010
    57.80000000       -0.83115258144222   -0.36521761412529    0.90785379841990
    58.00000000        0.87231112579137    0.26633290933492    0.91206354974542
    58.20000000       -0.90047525848965   -0.16287204478079    0.91508633151364
    58.40000000        0.91529140763344    0.05683929828676    0.91705456038195
    58.60000000       -0.91677749437931    0.04982340487446    0.91813035342139
    58.80000000        0.90526019500459   -0.15531064156985    0.91848648114416
    59.00000000       -0.88130753449454    0.25799789342959    0.91829509601814
    59.20000000        0.84566856590584   -0.35646478434722    0.91772679259186
    59.40000000       -0.79920796476226    0.44949724077125    0.91694118699097
    59.60000000        0.74284592210114   -0.53606626100658    0.91607155843410
    59.80000000       -0.67752480555141    0.61529732865012    0.91522164789818
    60.00000000        0.60419962340631   -0.68644574728534    0.91447523142536
    60.20000000       -0.52382328736685    0.74886461444721    0.91388678027368
    60.40000000        0.43735162400028   -0.80197494553966    0.91347701464735
    60.60000000       -0.34576394425291    0.84525853435410    0.91324405010039
    60.80000000        0.25007936088749   -0.87826297929499    0.91317333926370
    61.00000000       -0.15136479355017    0.90059864550666    0.91323010299426
    61.20000000        0.05074786599891   -0.91195483378624    0.91336573439643
    61.40000000        0.05058241309020    0.91213568282384    0.91353712808760
    61.60000000       -0.15138934206499   -0.90107472014057    0.91370366321214
    61.80000000        0.25040671235544    0.87884790558067    0.91382556472020
    62.00000000       -0.34636406159933   -0.84569593195312    0.91387618006469
    62.20000000        0.43802459801936    0.80203303901312    0.91385039483421
    62.40000000       -0.52421397043158   -0.74842777573744    0.91375293284943
    62.60000000        0.60384525656854    0.68558934490647    0.91359829450892
    62.80000000       -0.67595046851092   -0.61435369032269    0.91342185910631
    63.00000000        0.73969017251370    0.53564692128802    0.91326840282509
    63.20000000       -0.79434934537259   -0.45045248279823    0.91318033364334
    63.40000000        0.83933518610057    0.35979334870504    0.91320031121264
    63.60000000       -0.87417095530105   -0.26471341540161    0.91337180347629
    63.80000000        0.89846605063287    0.16626245557562    0.91372011484582
    64.00000000       -0.91189794405991   -0.06550067831081    0.91424734029686
    64.20000000        0.91421296768710   -0.03648834825686    0.91494084499806
    64.40000000       -0.90521500506137    0.13858487180412    0.91576196256517
    64.60000000        0.88476577747198   -0.23961072960790    0.91663721434863
    64.80000000       -0.85281280391623    0.33830793421493    0.91746495130672
    65.00000000        0.80942888391577   -0.43333263611956    0.91812433343391
    65.20000000       -0.75484282486920    0.52325371239373    0.91846727638514
    65.40000000        0.68948831835881   -0.60656758445266    0.91832367695818
    65.60000000       -0.61405855639399    0.68174187508171    0.91751833492339
    65.80000000        0.52954138969955   -0.74727660112989    0.91588012425271
    66.00000000       -0.43723167367303    0.80177525942475    0.91324427350438
    66.20000000        0.33872870225770   -0.84403052943084    0.90946394559899
    66.40000000       -0.23590426806194    0.87312136179183    0.90442895580972
    66.60000000        0.13083217834184   -0.88849259151749    0.89807357386304
    66.80000000       -0.02569296291469    0.89000627921361    0.89037705798330
    67.00000000       -0.07733583513973   -0.87796886017914    0.88136834004916
    67.20000000        0.17619814515555    0.85312970682396    0.87113493961715
    67.40000000       -0.26907380119843   -0.81663298729694    0.85981983370524
    67.60000000        0.35446831843518    0.76992983677255    0.84760824814702
    67.80000000       -0.43127102714853   -0.71467653704426    0.83471986406179
    68.00000000        0.49878524458776    0.65263080140276    0.82140957089511
    68.20000000       -0.55671723741817   -0.58553186234696    0.80794903568358
    68.40000000        0.60512670493551    0.51499743656159    0.79460725436602
    68.60000000       -0.64436652281330   -0.44245779350335    0.78165025091428
    68.80000000        0.67500803669077    0.36910449362340    0.76933346268709
    69.00000000       -0.69774301062243   -0.29586019489071    0.75787767073138
    69.20000000        0.71331460246556    0.22339154830556    0.74747675946812
    69.40000000       -0.72245127813919   -0.15212715781858    0.73829433251984
    69.60000000        0.72579346350449    0.08229304623835    0.73044390416036
    69.80000000       -0.72387575038905   -0.01396523347387    0.72401044864511
    70.00000000        0.71708837467984   -0.05288501220372    0.71903585558493
    70.20000000       -0.70566515703460    0.11833421333106    0.71551820374980
    70.40000000        0.68970457351168   -0.18246120405476    0.71343148914808
    70.60000000       -0.66915957496754    0.24529796416652    0.71270304334623
    70.80000000        0.64388502946966   -0.30679269529026    0.71323887236928
    71.00000000       -0.61366041703510    0.36678087886148    0.71491770193085
    71.20000000        0.57822602385861   -0.42495712183387    0.71758894226756
    71.40000000       -0.53734477781137    0.48087763239813    0.72109826485853
    71.60000000        0.49082856904828   -0.53395054550245    0.72526951489522
    71.80000000       -0.43859734373460    0.58345920604286    0.72992621205654
    72.00000000        0.38071637580271   -0.62859544347636    0.73489944234813
    72.20000000       -0.31741786496592    0.66848571800455    0.74001841610570
    72.40000000        0.24913057581359   -0.70225523958139    0.74513654139676
    72.60000000       -0.17647370968212    0.72907390495092    0.75012780850289
    72.80000000        0.10024373063151   -0.74819717454727    0.75488265149720
    73.00000000       -0.02139157075653    0.75902734489310    0.75932872301455
    73.20000000       -0.05902191609864   -0.76113653534678    0.76342151660773
    73.40000000        0.13986839477549    0.75427842726336    0.76713695888802
    73.60000000       -0.21999953235161   -0.73840876366720    0.77048510465514
    73.80000000        0.29829354620048    0.71366714399190    0.77349843704975
    74.00000000       -0.37368498209722   -0.68034887500154    0.77621843418001
    74.20000000        0.44519409412204    0.63889158167807    0.77870420223616
    74.40000000       -0.51194336199754   -0.58984006203259    0.78102324208180
    74.60000000        0.57315211115453    0.53380975167918    0.78323444351528
    74.80000000       -0.62813829873879   -0.47147405791928    0.78539512962160
    75.00000000        0.67631258192147    0.40354678269481    0.78755870529670
    75.20000000       -0.71715525672567   -0.33076517264573    0.78975772340929
    75.40000000        0.75021307665482    0.25389615632623    0.79201194345864
    75.60000000       -0.77510128810106   -0.17373933189487    0.79433454052005
    75.80000000        0.79148892013102    0.09112724566469    0.79671756952674
    76.00000000       -0.79911106944087   -0.00693644849652    0.79914117377387
    76.20000000        0.79779203444058   -0.07791258281555    0.80158748791247
    76.40000000       -0.78744431928338    0.16246070285625    0.80402862880884
    76.60000000        0.76808881255140   -0.24571679938536    0.80643485134684
    76.80000000       -0.73988244684687    0.32668065299534    0.80879310345327
    77.00000000        0.70311093619474   -0.40436611644482    0.81109613778226
    77.20000000       -0.65819109772675    0.47782425447606    0.81334589154451
    77.40000000        0.60567541568354   -0.54618268924183    0.81557233841693
    77.60000000       -0.54622119102521    0.60866651004479    0.81782180820463
    77.80000000        0.48056298826425   -0.66461260398977    0.82015285104152
    78.00000000       -0.40949227931554    0.71349251540827    0.82265150359229
    78.20000000        0.33381407175677   -0.75490655799659    0.82541852766284
    78.40000000       -0.25431377706747    0.78856295843251    0.82855720177798
    78.60000000        0.17173970316524   -0.81427106181290    0.83218500812571
    78.80000000       -0.08677983100383    0.83190636678024    0.83642031429094
    79.00000000        0.00005829830495   -0.84136495613148    0.84136495815123
    79.20000000        0.08785264940114    0.84254673680058    0.84711456822563
    79.40000000       -0.17641658865764   -0.83532002913911    0.85374607690727
    79.60000000        0.26509564483185    0.81948786174752    0.86129905170059
    79.80000000       -0.35331101627028   -0.79479523339911    0.86978625952120
    80.00000000        0.44039872953949    0.76093051370642    0.87918501333309
    80.20000000       -0.52555585705273   -0.71753707508326    0.88942026792820
    80.40000000        0.60780126819602    0.66426897036518    0.90037528098604
    80.60000000       -0.68594997298087   -0.60085060090360    0.91189298168078
    80.80000000        0.75859118748673    0.52714251086951    0.92376393981273
    81.00000000       -0.82410203026119   -0.44323429980813    0.93573543312574
    81.20000000        0.88070115504784    0.34953837206067    0.94752920696167
    81.40000000       -0.92651612884307   -0.24686171503921    0.95883932092841
    81.60000000        0.95968851812320    0.13646643325642    0.96934263252125
    81.80000000       -0.97851221210691   -0.02009826766811    0.97871859571872
    82.00000000        0.98158629379904   -0.10003371563957    0.98667035854879
    82.20000000       -0.96795062537528    0.22133054681340    0.99293283968107
    82.40000000        0.93720671080786   -0.34091957826456    0.99728761028470
    82.60000000       -0.88959995753363    0.45581373056242    0.99957703125525
    82.80000000        0.82605115692238   -0.56309715349666    0.99971941970177
    83.00000000       -0.74811707797753    0.66011384197367    0.99771210613427
    83.20000000        0.65789180964567   -0.74463090792748    0.99362811063282
    83.40000000       -0.55786389767851    0.81496261005043    0.98761135276650
    83.60000000        0.45074519605226   -0.87004076541598    0.97986844282782
    83.80000000       -0.33929459983962    0.90943075734056    0.97066221100718
    84.00000000        0.22614720475187   -0.93328359265040    0.96029205064268
    84.20000000       -0.11368059515437    0.94224128436195    0.94907424139037
    84.40000000        0.00392545003256   -0.93731732899374    0.93732554877690
    84.60000000        0.10147900995634    0.91977573776410    0.92535690262796
    84.80000000       -0.20129179827084   -0.89100440728202    0.91345894371181
    85.00000000        0.29463681420551    0.85239865444092    0.90188376101239
    85.20000000       -0.38094331820349   -0.80528092641205    0.89083959393762
    85.40000000        0.45988254227116    0.75085773974337    0.88049945940830
    85.60000000       -0.53129192187276   -0.69017954750931    0.87098732140451
    85.80000000        0.59510001073975    0.62413492722464    0.86237371838673
    86.00000000       -0.65127683760075   -0.55347956360436    0.85469359803552
    86.20000000        0.69978847842337    0.47885856488995    0.84794424327462
    86.40000000       -0.74055719943392   -0.40083939673789    0.84207908631589
    86.60000000        0.77346059719784    0.31996376335698    0.83702933358348
    86.80000000       -0.79833419243134   -0.23678218092480    0.83270840274883
    87.00000000        0.81497265540225    0.15188429713348    0.82900498717989
    87.20000000       -0.82316875200679   -0.06592988651446    0.82580478577944
    87.40000000        0.82274609196958   -0.02034144888291    0.82299751299374
    87.60000000       -0.81357813779471    0.10610965601956    0.82046855235170
    87.80000000        0.79563297480574   -0.19048228898259    0.81811694336096
    88.00000000       -0.76900295780649    0.27252020606685    0.81586323108095
    88.20000000        0.73390684184287   -0.35126379820105    0.81363720934480
    88.40000000       -0.69070715123362    0.42576432812012    0.81138870577846
    88.60000000        0.63991158825909   -0.49512488996890    0.80909548104966
    88.80000000       -0.58214521805441    0.55852118311059    0.80674591222198
    89.00000000        0.51813558782952   -0.61522393152242    0.80434132884824
    89.20000000       -0.44869509061193    0.66462296287928    0.80190458729557
    89.40000000        0.37468228345581   -0.70622154921561    0.79945962381609
    89.60000000       -0.29698334335118    0.73963119210178    0.79702785808148
    89.80000000        0.21649981648157   -0.76457707829969    0.79463845816688
    90.00000000       -0.13412880999479    0.78087411188505    0.79230986128085
    90.20000000        0.05076161656473   -0.78841108085438    0.79004352673143
    90.40000000        0.03271262610768    0.78715797339402    0.78783741405485
    90.60000000       -0.11540663650560   -0.77715155734148    0.78567374579263
    90.80000000        0.19642588184033    0.75849141044047    0.78351282489103
    91.00000000       -0.27486613565583   -0.73136446387567    0.78131003548560
    91.20000000        0.34981743478840    0.69605116071643    0.77901184587696
    91.40000000       -0.42036766106368   -0.65293326000548    0.77655058591796
    91.60000000        0.48562335007236    0.60252302418657    0.77386305817660
    91.80000000       -0.54473909904893   -0.54547022615749    0.77089458011906
    92.00000000        0.59694033713103    0.48255669269379    0.76759281377412
    92.20000000       -0.64156535558420   -0.41469797343239    0.76392441684686
    92.40000000        0.67810575412236    0.34292293496407    0.75988390764525
    92.60000000       -0.70622392159576   -0.26833315613588    0.75548322953984
    92.80000000        0.72577866695313    0.19206746012273    0.75076266732055
    93.00000000       -0.73684060904401   -0.11525283771005    0.74579977188021
    93.20000000        0.73966718902275    0.03894974849989    0.74069199632845
    93.40000000       -0.73468587202076    0.03588853434022    0.73556190592226
    93.60000000        0.72246710343031   -0.10845624101134    0.73056243521913
    93.80000000       -0.70365923550600    0.17811794724924    0.72585282450726
    94.00000000        0.67895060474599   -0.24441636177655    0.72160465740531
    94.20000000       -0.64902298648814    0.30707085504691    0.71799954527090
    94.40000000        0.61448901809752   -0.36595083311644    0.71520400279995
    94.60000000       -0.57587622278950    0.42105095978350    0.71338442281066
    94.80000000        0.53358845073759   -0.47245079664818    0.71268954672707
    95.00000000       -0.48789019107287    0.52026370311864    0.71323990306757
    95.20000000        0.43891877390918   -0.56460614118550    0.71514319178352
    95.40000000       -0.38667562020408    0.60553573057100    0.71846472165191
    95.60000000        0.33106323689561   -0.64302342621672    0.72324407601258
    95.80000000       -0.27190934358505    0.67691560341887    0.72948572657784
    96.00000000        0.20900731981370   -0.70689591682425    0.73714713386033
    96.20000000       -0.14217306394461    0.73248997966596    0.74616000323151
    96.40000000        0.07129210766323   -0.75303799033292    0.75640516887427
    96.60000000        0.00361350846210    0.76771989684747    0.76772840084166
    96.80000000       -0.08232983626639   -0.77558774650405    0.77994522529911
    97.00000000        0.16439569277138    0.77559675626266    0.79282802178464
    97.20000000       -0.24906068204487   -0.76669234513914    0.80613173578244
    97.40000000        0.33526628363969    0.74788515162463    0.81959482731784
    97.60000000       -0.42164255653866   -0.71833498343170    0.83293912977256
    97.80000000        0.50654503885053    0.67745943153012    0.84589547684877
    98.00000000       -0.58812070107946   -0.62501487233875    0.85821299785241
    98.20000000        0.66439170076950    0.56115398074961    0.86966092367228
    98.40000000       -0.73336733742918   -0.48646681695544    0.88004409867161
    98.60000000        0.79317192164891    0.40198474131073    0.88922068663459
    98.80000000       -0.84215313600078   -0.30913261538949    0.89709803164063
    99.00000000        0.87897483377726    0.20965809439342    0.90363337419467
    99.20000000       -0.90268954836654   -0.10553593096053    0.90883785872613
    99.40000000        0.91277774275035   -0.00114353266760    0.91277845906188
    99.60000000       -0.90913558621929    0.10828970245215    0.91556221732194
    99.80000000        0.89203702986366   -0.21390671774245    0.91732554011285
   100.00000000       -0.86207876800014    0.31616963898536    0.91822820848239
   100.20000000        0.82011222323595   -0.41347786960007    0.91844869609033
   100.40000000       -0.76715649631641    0.50447599227257    0.91816399222572
   100.60000000        0.70432670276800   -0.58804745301549    0.91753796173785
   100.80000000       -0.63278325252532    0.66329651132194    0.91672073534331
   101.00000000        0.55369172148182   -0.72951999455425    0.91584602684727
   101.20000000       -0.46819097380655    0.78616270555283    0.91501616792058
   101.40000000        0.37738882685784   -0.83278003672084    0.91430023307331
   101.60000000       -0.28237488954993    0.86902059446330    0.91374633889810
   101.80000000        0.18422731544279   -0.89460471225681    0.91337686359320
   102.00000000       -0.08402918750672    0.90930977628210    0.91318408527265
   102.20000000       -0.01711023464743   -0.91298131192087    0.91314162978502
   102.40000000        0.11804933555365    0.90555576680927    0.91321787785073
   102.60000000       -0.21761343315305   -0.88706623919287    0.91336855595342
   102.80000000        0.31459947957597    0.85766339475779    0.91354218909525
   103.00000000       -0.40779655193385   -0.81764747792478    0.91369876103992
   103.20000000        0.49601481441322    0.76747273692688    0.91380802034313
   103.40000000       -0.57810986851400   -0.70774438928731    0.91384524983223
   103.60000000        0.65301627102770    0.63921892867071    0.91380035510929
   103.80000000       -0.71978401459111   -0.56279175351899    0.91368680930058
   104.00000000        0.77759217094990    0.47946134942094    0.91352765142120
   104.20000000       -0.82575838609482   -0.39030207114122    0.91335240676479
   104.40000000        0.86375267978422    0.29644000877137    0.91320609428255
   104.60000000       -0.89118659129972   -0.19902003801526    0.91313882627124
   104.80000000        0.90778948428348    0.09918260866543    0.91319162153261
   105.00000000       -0.91339511882492    0.00194221198624    0.91339718374900
   105.20000000        0.90793197628871   -0.10323969596502    0.91378274682250
   105.40000000       -0.89139438911701    0.20360403992076    0.91435144338561
   105.60000000        0.86383475762164   -0.30192001740912    0.91507714723271
   105.80000000       -0.82537956228086    0.39704753017187    0.91591384040559
   106.00000000        0.77623889787935   -0.48780622863911    0.91678882152875
   106.20000000       -0.71672614946248    0.57296060957962    0.91759480897244
   106.40000000        0.64730070131832   -0.65121997356762    0.91819695703079
   106.60000000       -0.56861594834387    0.72126291072943    0.91844666862311
   106.80000000        0.48154919655175   -0.78176661521959    0.91817681814100
   107.00000000       -0.38723538093363    0.83145617817552    0.91720805517236
   107.20000000        0.28708642864737   -0.86918009121528    0.91536476252831
   107.40000000       -0.18278417559080    0.89399580708507    0.91249030566472
   107.60000000        0.07623938955444   -0.90524393908584    0.90844869627914
   107.80000000        0.03047036680892    0.90262015720558    0.90313431528610
   108.00000000       -0.13518978600592   -0.88623437524752    0.89648627770350
   108.20000000        0.23579766319119    0.85663896815206    0.88849921762658
   108.40000000       -0.33032297936071   -0.81480790493310    0.87921851245023
   108.60000000        0.41705134509816    0.76208708025486    0.86873962862273
   108.80000000       -0.49461529212436   -0.70011879772442    0.85721095310919
   109.00000000        0.56205866102022    0.63073825397152    0.84483174860494
   109.20000000       -0.61885397220119   -0.55584756433998    0.83183336894590
   109.40000000        0.66488503603097    0.47730208952118    0.81846771212992
   109.60000000       -0.70040890045679   -0.39681815484729    0.80500762471886
   109.80000000        0.72598201327547    0.31588845880108    0.79172937422027
   110.00000000       -0.74236355231603   -0.23573111818002    0.77889203609080
   110.20000000        0.75043748389419    0.15727651545653    0.76674136418195
   110.40000000       -0.75112819292211   -0.08117016953258    0.75550126315208
   110.60000000        0.74531169908306    0.00779936376411    0.74535250644591
   110.80000000       -0.73377765006116    0.06265866813505    0.73644806227034
   111.00000000        0.71718146976549   -0.13018969434189    0.72890233713978
   111.20000000       -0.69601252414889    0.19488107498403    0.72278078776281
   111.40000000        0.67061026622408   -0.25687127629135    0.71812323576715
   111.60000000       -0.64114751071468    0.31629415171636    0.71492105921255
   111.80000000        0.60766370392533   -0.37323381780438    0.71313298887451
   112.00000000       -0.57009375234173    0.42769223149922    0.71269034744682
   112.20000000        0.52829076434968   -0.47954887929362    0.71348318783902
   112.40000000       -0.48208815291938    0.52855780445483    0.71538964196816
   112.60000000        0.43132624861061   -0.57432816124585    0.71825842810269
   112.80000000       -0.37590747156564    0.61633323249785    0.72192318196614
   113.00000000        0.31584179629667   -0.65393748164024    0.72621640726569
   113.20000000       -0.25127389165869    0.68640944854940    0.73095588080759
   113.40000000        0.18252294134590   -0.71297974067935    0.73597196599921
   113.60000000       -0.11008981768756    0.73288303828696    0.74110546872035
   113.80000000        0.03465919079608   -0.74539950526924    0.74620485254537
   114.00000000        0.04291309104055    0.74992408404044    0.75115089376672
   114.20000000       -0.12163369586083   -0.74599605266205    0.75584711850752
   114.40000000        0.20040809643196    0.73332692382296    0.76021824650499
   114.60000000       -0.27809120200594   -0.71183538014397    0.76422792742599
   114.80000000        0.35353672776236    0.68163670458542    0.76786510202964
   115.00000000       -0.42563694133957   -0.64302807264866    0.77113676351679
   115.20000000        0.49336715425157    0.59647993479734    0.77407975138879
   115.40000000       -0.55581034490272   -0.54259516768899    0.77674619760918
   115.60000000        0.61216392092884    0.48207174491231    0.77919049874198
   115.80000000       -0.66175230503226   -0.41568270133707    0.78147822836365
   116.00000000        0.70402053359790    0.34424207785215    0.78367564712159
   116.20000000       -0.73851135844287   -0.26858225467639    0.78583424083975
   116.40000000        0.76486259556690    0.18955011865404    0.78800002384460
   116.60000000       -0.78279570068313   -0.10799978673713    0.79021077121440
   116.80000000        0.79209349794296    0.02479218244042    0.79248139523503
   117.00000000       -0.79260765478107    0.05919501312666    0.79481503760096
   117.20000000        0.78426676399310   -0.14306563000756    0.79720896356832
   117.40000000       -0.76706974430606    0.22590150926868    0.79964209776602
   117.60000000        0.74110733268105   -0.30676227033051    0.80208675905537
   117.80000000       -0.70658406973890    0.38470052752147    0.80452193474391
   118.00000000        0.66381491588804   -0.45877319866904    0.80692198530742
   118.20000000       -0.61323884262938    0.52806212358889    0.80926601589257
   118.40000000        0.55542819672622   -0.59171044045471    0.81155512878772
   118.60000000       -0.49106624195550    0.64894126496789    0.81380023308329
   118.80000000        0.42093213587124   -0.69908048571443    0.81602536021612
   119.00000000       -0.34588364748317    0.74158891818646    0.81828456002373
   119.20000000        0.26681446523276   -0.77606200909109    0.82064742783484
   119.40000000       -0.18462339599124    0.80222377827265    0.82319425943904
   119.60000000        0.10018715655351   -0.81993172239394    0.82602996054996
   119.80000000       -0.01432836248079    0.82914385344486    0.82926764779339
   120.00000000       -0.07219853332013   -0.82988200321894    0.83301666698828
   120.20000000        0.15871094510348    0.82221653696806    0.83739429049844
   120.40000000       -0.24459490345349   -0.80622218664787    0.84250868306427
   120.60000000        0.32927929123879    0.78194077864584    0.84844341764668
   120.80000000       -0.41221007873670   -0.74937825061289    0.85526891180713
   121.00000000        0.49281219775637    0.70848550336058    0.86302698146093
   121.20000000       -0.57043884401204   -0.65915627909377    0.87171524882071
   121.40000000        0.64433657428386    0.60126453913408    0.88129941959585
   121.60000000       -0.71360749087267   -0.53469585687455    0.89170360007594
   121.80000000        0.77717264248435    0.45939674490958    0.90279714524339
   122.00000000       -0.83377129918908   -0.37545357103567    0.91440689157228
   122.20000000        0.88197872884423    0.28316892400947    0.92632128209297
   122.40000000       -0.92023672971613   -0.18313445503854    0.93828240276630
   122.60000000        0.94692702460043    0.07630773634570    0.94999666343879
   122.80000000       -0.96048398806329    0.03593543735050    0.96115599513479
   123.00000000        0.95951049670144   -0.15178580367966    0.97144187859023
   123.20000000       -0.94291116895427    0.26901913745791    0.98053697985201
   123.40000000        0.91002918453325   -0.38506400190618    0.98814341179115
   123.60000000       -0.86076741375853    0.49711914136114    0.99400602679067
   123.80000000        0.79565799707882   -0.60231062696280    0.99792271227174
   124.00000000       -0.71588224562393    0.69786825849962    0.99975371758292
   124.20000000        0.62323391708977   -0.78130751380072    0.99943081127836
   124.40000000       -0.52002494889873    0.85059426891231    0.99696366923955
   124.60000000        0.40894061414665   -0.90427428122812    0.99244365159402
   124.80000000       -0.29285903439660    0.94153835541973    0.98603290449872
   125.00000000        0.17466549244984   -0.96222844215984    0.97795276427550
   125.20000000       -0.05708327978822    0.96678630981824    0.96847006648805
   125.40000000       -0.05746351497931   -0.95616160961936    0.95788677789375
   125.60000000        0.16694802488240    0.93168602812468    0.94652548725054
   125.80000000       -0.26978523542011   -0.89492580675221    0.93470651695694
   126.00000000        0.36482987373345    0.84754557960860    0.92273200133216
   126.20000000       -0.45133931380037   -0.79119996976977    0.91088120429915
   126.40000000        0.52891365883524    0.72744631659174    0.89940413720717
   126.60000000       -0.59741181534595   -0.65767619216874    0.88850371460142
   126.80000000        0.65686725341600    0.58309035980094    0.87833305545395
   127.00000000       -0.70742239856803   -0.50470756864279    0.86900873404188
   127.20000000        0.74925776921082    0.42337216911852    0.86059932506765
   127.40000000       -0.78253561148019   -0.33978867289747    0.85312269074506
   127.60000000        0.80738396267313    0.25457188048657    0.84656701182850
   127.80000000       -0.82387672691018   -0.16828475401751    0.84088799466930
   128.00000000        0.83202476853447    0.08148077875324    0.83600498369392
   128.20000000       -0.83180797956488    0.00525576888368    0.83182458365594
   128.40000000        0.82319611023249   -0.09128835805928    0.82824235596778
   128.60000000       -0.80616848197916    0.17591136602463    0.82513782487124
   128.80000000        0.78076457547157   -0.25834814830649    0.82239715955534
   129.00000000       -0.74711252905127    0.33776598554123    0.81991645431350
   129.20000000        0.70544378106250   -0.41329076818780    0.81759414583828
   129.40000000       -0.65612392463512    0.48404003937509    0.81534861513149
   129.60000000        0.59965851358488   -0.54916051683045    0.81312213483604
   129.80000000       -0.53667721349406    0.60785226507905    0.81086793477451
   130.00000000        0.46792889635246   -0.65940263357208    0.80856000717536
   130.20000000       -0.39426079300166    0.70321633916226    0.80619773788015
   130.40000000        0.31658133787315   -0.73881690212316    0.80378738379774
   130.60000000       -0.23583910870248    0.76585408353543    0.80134422220508
   130.80000000        0.15299908498724   -0.78411170339607    0.79889916973897
   131.00000000       -0.06901588429487    0.79348219360907    0.79647798705279
   131.20000000       -0.01517513162865   -0.79395370692884    0.79409871764535
   131.40000000        0.09866406103331    0.78561072111719    0.79178204202537
   131.60000000       -0.18056997757225   -0.76860703959993    0.78953296202439
   131.80000000        0.26003164411844    0.74315760033625    0.78733707830920
   132.00000000       -0.33620650882763   -0.70955316914246    0.78517546855348
   132.20000000        0.40826576964909    0.66815273309308    0.78301277984904
   132.40000000       -0.47538888979372   -0.61939068143784    0.78079409116062
   132.60000000        0.53677846344756    0.56380372100910    0.77846371440474
   132.80000000       -0.59167279162243   -0.50203487916848    0.77596115382665
   133.00000000        0.63936059613903    0.43483829021736    0.77321815196904
   133.20000000       -0.67921970333016   -0.36309173118485    0.77017855763889
   133.40000000        0.71074942877221    0.28778318061170    0.76680108864229
   133.60000000       -0.73359151732577   -0.20998686563390    0.76305373207336
   133.80000000        0.74756703131737    0.13083926779016    0.75893041862119
   134.00000000       -0.75269750777184   -0.05149427006257    0.75445688946103
   134.20000000        0.74919513172148   -0.02692560398268    0.74967882025904
   134.40000000       -0.73746265718522    0.10337364398368    0.74467259988075
   134.60000000        0.71807388613456   -0.17692781397577    0.73954956379315
   134.80000000       -0.69171916833553    0.24682306042001    0.73443653980307
   135.00000000        0.65917063829707   -0.31247346762323    0.72948310354761
   135.20000000       -0.62123370560702    0.37348530443312    0.72486039318598
   135.40000000        0.57868095494363   -0.42963976770300    0.72073710713849
   135.60000000       -0.53222387382156    0.48087838186467    0.71729092424930
   135.80000000        0.48246981274485   -0.52727008550681    0.71469634340775
   136.00000000       -0.42989123317503    0.56895932901299    0.71310671742149
   136.20000000        0.37482940097034   -0.60613833945295    0.71267156978974
   136.40000000       -0.31747965900645    0.63898511552931    0.71350915323552
   136.60000000        0.25791355029685   -0.66762598710781    0.71571213353443
   136.80000000       -0.19610192238221    0.69210428312676    0.71934991671954
   137.00000000        0.13194326616127   -0.71232863670119    0.72444538244776
   137.20000000       -0.06531349708224    0.72807460415736    0.73099827778184
   137.40000000       -0.00389337976147   -0.73895182005193    0.73896207667513
   137.60000000        0.07570602176123    0.74441016557936    0.74824988897346
   137.80000000       -0.15002438281194   -0.74376470886738    0.75874452722553
   138.00000000        0.22656338341570    0.73620475136627    0.77027813329929
   138.20000000       -0.30480619669122   -0.72086336501802    0.78265625185420
   138.40000000        0.38397132523979    0.69687292042295    0.79565435072348
   138.60000000       -0.46298826315653   -0.66343509651618    0.80901437509487
   138.80000000        0.54051111339917    0.61992581960413    0.82247205759215
   139.00000000       -0.61495141300142   -0.56597190290980    0.83575680388244
   139.20000000        0.68453346497855    0.50152709423511    0.84859618837670
   139.40000000       -0.74739148038001   -0.42694229870910    0.86074023454909
   139.60000000        0.80167984976251    0.34299295842426    0.87197176046238
   139.80000000       -0.84568133139227   -0.25087076651890    0.88210716795590
   140.00000000        0.87792107698418    0.15214652473306    0.89100728526843
   140.20000000       -0.89727189651990   -0.04869705794602    0.89859237685227
   140.40000000        0.90301428688409   -0.05740049462344    0.90483679141589
   140.60000000       -0.89486292453171    0.16398234676436    0.90976363070404
   140.80000000        0.87296284155048   -0.26890988641901    0.91344219835837
   141.00000000       -0.83785805201958    0.37017587957996    0.91598924510981
   141.20000000        0.79041810723814   -0.46598450864604    0.91755236719656
   141.40000000       -0.73175399268774    0.55479975904144    0.91829552892676
   141.60000000        0.66313716568394   -0.63536603978801    0.91839038813961
   141.80000000       -0.58592861771255    0.70671052102226    0.91801530792144
   142.00000000        0.50150582592066   -0.76811430093565    0.91733727316306
   142.20000000       -0.41121591724541    0.81906904414569    0.91650020713240
   142.40000000        0.31635452886402   -0.85923733378348    0.91562491430723
   142.60000000       -0.21815793191377    0.88841971921877    0.91481281186571
   142.80000000        0.11780180905045   -0.90651010092117    0.91413228216034
   143.00000000       -0.01641958162966    0.91347035575116    0.91361791439148
   143.20000000       -0.08487704451963   -0.90933211605049    0.91328473652375
   143.40000000        0.18498471817992    0.89419406064084    0.91312779173863
   143.60000000       -0.28279396765757   -0.86822313245041    0.91311764623487
   143.80000000        0.37718320992664    0.83167789936617    0.91321153198187
   144.00000000       -0.46703041662439   -0.78493688994249    0.91336921956290
   144.20000000        0.55122525345644    0.72850284581805    0.91354566192015
   144.40000000       -0.62868966197514   -0.66301400272856    0.91369483904013
   144.60000000        0.69841323195765    0.58925814907345    0.91378674143533
   144.80000000       -0.75948479631500   -0.50815935126028    0.91380691730086
   145.00000000        0.81111205715845    0.42075486336976    0.91374910359306
   145.20000000       -0.85264526422160   -0.32817574140207    0.91362096289672
   145.40000000        0.88360022660685    0.23161870676788    0.91345311088447
   145.60000000       -0.90364903527360   -0.13230611709404    0.91328335557559
   145.80000000        0.91260865372420    0.03146048097365    0.91315076340952
   146.00000000       -0.91043748878718    0.06971627960940    0.91310283135673
   146.20000000        0.89721179299007   -0.17006120291665    0.91318662617119
   146.40000000       -0.87309419459962    0.26845214972135    0.91343310063386
   146.60000000        0.83832164326670   -0.36380023803882    0.91385654824293
   146.80000000       -0.79320436522747    0.45504263343274    0.91445992982597
   147.00000000        0.73811203894167   -0.54112288356015    0.91521765561153
   147.20000000       -0.67348415284100    0.62097096703896    0.91607087391384
   147.40000000        0.59986189471442   -0.69349858474461    0.91693760953140
   147.60000000       -0.51791512574756    0.75760014292592    0.91771131301705
   147.80000000        0.42847122000125   -0.81215958403350    0.91825420026637
   148.00000000       -0.33255530873617    0.85608094358198    0.91840492993713
   148.20000000        0.23142101627264   -0.88834724759491    0.91799592541695
   148.40000000       -0.12655678086898    0.90807666040707    0.91685322705435
   148.60000000        0.01967787948258   -0.91459107773171    0.91480274289454
   148.80000000        0.08730548383706    0.90749470148917    0.91168463886310
   149.00000000       -0.19235231547775   -0.88674962028254    0.90737219614713
   149.20000000        0.29337993323150    0.85271551768225    0.90177355212882
   149.40000000       -0.38836629861290   -0.80616760613431    0.89483774567159
   149.60000000        0.47546054251822    0.74828632305608    0.88656367439937
   149.80000000       -0.55309483512396   -0.68061328351982    0.87701102521258
   150.00000000        0.62006835965677    0.60496035358789    0.86629198314461
   150.20000000       -0.67560092459099   -0.52330063166978    0.85456431028577
   150.40000000        0.71935455743603    0.43765416001265    0.84202858804222
   150.60000000       -0.75142424066641   -0.34997363653825    0.82892697852881
   150.80000000        0.77227788378424    0.26203335505577    0.81552106591065
   151.00000000       -0.78267475111986   -0.17535378024897    0.80207774828139
   151.20000000        0.78358663383234    0.09115648390835    0.78887103970118
   151.40000000       -0.77609625177088   -0.01034258596072    0.77616516354263
   151.60000000        0.76129627304974   -0.06649555842448    0.76419478842087
   151.80000000       -0.74022975291155    0.13903874954677    0.75317452225299
   152.00000000        0.71382475215574   -0.20719519261520    0.74328704053889
   152.20000000       -0.68284413516299    0.27103591879376    0.73466766786273
   152.40000000        0.64788740408052   -0.33074038640689    0.72742511062430
   152.60000000       -0.60936894634654    0.38653285983792    0.72162189857707
   152.80000000        0.56753484815249   -0.43862631680418    0.71727878099151
   153.00000000       -0.52249584701381    0.48718642207863    0.71438961358943
   153.20000000        0.47424081283448   -0.53227968795195    0.71289972279707
   153.40000000       -0.42269528437742    0.57386162666913    0.71273309871104
   153.60000000        0.36775120613734   -0.61175403610741    0.71378144435757
   153.80000000       -0.30931575410571    0.64563646599647    0.71590689475825
   154.00000000        0.24736249937451   -0.67507081598329    0.71896370749096
   154.20000000       -0.18196176101327    0.69950021490276    0.72277979573315
   154.40000000        0.11332631761937   -0.71829738031685    0.72718221982885
   154.60000000       -0.04183100163692    0.73080238037862    0.73199860099935
   154.80000000       -0.03197368372043   -0.73635803582761    0.73705187970627
   155.00000000        0.10736049323177    0.73438190677862    0.74218802234391
   155.20000000       -0.18344665210926   -0.72439964644393    0.74726670067532
   155.40000000        0.25921923532754    0.70608501421374    0.75216398428867
   155.60000000       -0.33358252813448   -0.67930752902205    0.75679324921846
   155.80000000        0.40540501121820    0.64413274593337    0.76109146461151
   156.00000000       -0.47356478997390   -0.60082462737916    0.76501885151173
   156.20000000        0.53700577429535    0.54984508823272    0.76857323833203
   156.40000000       -0.59477042678643   -0.49181486992379    0.77177310581406
   156.60000000        0.64602112730375    0.42748107482602    0.77465048006002
   156.80000000       -0.69006747405445   -0.35768980207889    0.77726129021013
   157.00000000        0.72636122448976    0.28334219520166    0.77966879379898
   157.20000000       -0.75448185286299   -0.20536356791066    0.78193162189834
   157.40000000        0.77413627797642    0.12468800664327    0.78411356057643
   157.60000000       -0.78513690642760   -0.04223893762635    0.78627227452486
   157.80000000        0.78737544434194   -0.04107582904289    0.78844613898746
   158.00000000       -0.78082468177133    0.12435994869754    0.79066590953661
   158.20000000        0.76552983591669   -0.20672800187368    0.79295169867863
   158.40000000       -0.74159601877740    0.28729585623526    0.79530092674184
   158.60000000        0.70920658878423   -0.36517784530995    0.79770222782701
   158.80000000       -0.66863414450887    0.43949252317506    0.80014079831608
   159.00000000        0.62023946019956   -0.50936261736034    0.80258785435167
   159.20000000       -0.56449182694231    0.57393131074427    0.80501439250320
   159.40000000        0.50197893980427   -0.63239001312579    0.80740323550767
   159.60000000       -0.43339443234278    0.68399201277822    0.80973811045926
   159.80000000        0.35953576203811   -0.72807970753550    0.81201356189986
   160.00000000       -0.28129039533229    0.76411987203471    0.81425024737149
   160.20000000        0.19960089801384   -0.79170756270848    0.81648109796720
   160.40000000       -0.11543838683422    0.81057537965107    0.81875421663119
   160.60000000        0.02977099362931   -0.82060762112683    0.82114747756606
   160.80000000        0.05647278622938    0.82181307174912    0.82375111561820
   161.00000000       -0.14242595008440   -0.81430088162674    0.82666261381263
   161.20000000        0.22730166446653    0.79826853596464    0.82999921818058
   161.40000000       -0.31040015576902   -0.77395370164853    0.83387804204026
   161.60000000        0.39109651168531    0.74159766998412    0.83840538260336
   161.80000000       -0.46882905982361   -0.70143361676741    0.84368821614770
   162.00000000        0.54306795000867    0.65365215507246    0.84981406093186
   162.20000000       -0.61327171425063   -0.59838913425933    0.85683822948065
   162.40000000        0.67885890187100    0.53574520463888    0.86479612218318
   162.60000000       -0.73916309579886   -0.46579452784151    0.87368565534639
   162.80000000        0.79339068512928    0.38861875611774    0.88345532816119
   163.00000000       -0.84061150545230   -0.30436848320957    0.89401782793750
   163.20000000        0.87974784256182    0.21331847818910    0.90524087381707
   163.40000000       -0.90957902873285   -0.11593658064853    0.91693800239878
   163.60000000        0.92879165108949    0.01296039664644    0.92888207164030
   163.80000000       -0.93605132573118    0.09454331429916    0.94081375557640
   164.00000000        0.93008435913686   -0.20513595364537    0.95243775365586
   164.20000000       -0.90979446037266    0.31698772220038    0.96343509182019
   164.40000000        0.87439919590389   -0.42790300967681    0.97348597292814
   164.60000000       -0.82354952990776    0.53538994554332    0.98228113185593
   164.80000000        0.75742999616970   -0.63676889452500    0.98953262913975
   165.00000000       -0.67682998836484    0.72932007511112    0.99499075629377
   165.20000000        0.58316708738557   -0.81045935069060    0.99846292416474
   165.40000000       -0.47844705178330    0.87792016450076    0.99982768345209
   165.60000000        0.36516177113727   -0.92990940747845    0.99903684877838
   165.80000000       -0.24614310789066    0.96522798989506    0.99611821689944
   166.00000000        0.12438524825269   -0.98333824015902    0.99117394262658
   166.20000000       -0.00285725904253    0.98437445986272    0.98437860661397
   166.40000000       -0.11567541727359   -0.96908920097050    0.97596858637923
   166.60000000        0.22879454726223    0.93874387757662    0.96622306562435
   166.80000000       -0.33452369325630   -0.89497119150532    0.95544729575957
   167.00000000        0.43137236993630    0.83962837367494    0.94395864709450
   167.20000000       -0.51833723543106   -0.77465928745579    0.93207859179140
   167.40000000        0.59485613632898    0.70196104411287    0.92011039032296
   167.60000000       -0.66073074938159   -0.62328751742784    0.90832397995413
   167.80000000        0.71604141629582    0.54019491059175    0.89695365057518
   168.00000000       -0.76106346809161   -0.45401629920190    0.88619885037423
   168.20000000        0.79617300302885    0.36585259717753    0.87620749461159
   168.40000000       -0.82177433952108   -0.27660036516603    0.86707602152596
   168.60000000        0.83826245138260    0.18699545001319    0.85886625019476
   168.80000000       -0.84597765139044   -0.09765183596575    0.85159501391187
   169.00000000        0.84518471293455    0.00911411180802    0.84523385285512
   169.20000000       -0.83609290432724    0.07809504965059    0.83973220817490
   169.40000000        0.81886137242599   -0.16344075444971    0.83501307023690
   169.60000000       -0.79361747825960    0.24634375167798    0.83097168771861
   169.80000000        0.76050732925854   -0.32616778321869    0.82750034481307
   170.00000000       -0.71972136864315    0.40221860652995    0.82448690463855
   170.20000000        0.67151882334389   -0.47374789257220    0.82181177639515
   170.40000000       -0.61627008509762    0.53998070928419    0.81937048042097
   170.60000000        0.55446667999869   -0.60014608108658    0.81707320227282
   170.80000000       -0.48672104814421    0.65350050333149    0.81483758293362
   171.00000000        0.41377318761762   -0.69937049892800    0.81260528275544
   171.20000000       -0.33647075963005    0.73718505746568    0.81034213825809
   171.40000000        0.25574002324758   -0.76648585388520    0.80802445736302
   171.60000000       -0.17256434041205    0.78694981006574    0.80564784809763
   171.80000000        0.08795275133224   -0.79839897112675    0.80322886126132
   172.00000000       -0.00290865034563    0.80078055107435    0.80078583355712
   172.20000000       -0.08158739921961   -0.79416132954334    0.79834123096172
   172.40000000        0.16459544505898    0.77872203188985    0.79592692094489
   172.60000000       -0.24522411447138   -0.75472383858712    0.79356344349393
   172.80000000        0.32262779349245    0.72249757311791    0.79125939886682
   173.00000000       -0.39600830210774   -0.68244636099380    0.78902193313743
   173.20000000        0.46460567684805    0.63502557980847    0.78683919702219
   173.40000000       -0.52768841306200   -0.58074684425601    0.78467952591692
   173.60000000        0.58456201901511    0.52019737758922    0.78250754994806
   173.80000000       -0.63456718903647   -0.45403777918834    0.78027291528793
   174.00000000        0.67708554962296    0.38301340869013    0.77791009297004
   174.20000000       -0.71157200886549   -0.30797097095633    0.77535852529823
   174.40000000        0.73757354904661    0.22985145557066    0.77255836794456
   174.60000000       -0.75474996575540   -0.14968200226176    0.76944929177228
   174.80000000        0.76291625932307    0.06856269402846    0.76599090187282
   175.00000000       -0.76206326489257    0.01236905669685    0.76216363942548
   175.20000000        0.75236181126503   -0.09197596631503    0.75796297629210
   175.40000000       -0.73417897898206    0.16916431437274    0.75341578058622
   175.60000000        0.70806628322748   -0.24293510250109    0.74858221022864
   175.80000000       -0.67472058029171    0.31242172472431    0.74354232935919
   176.00000000        0.63495859513090   -0.37692528098800    0.73840712684703
   176.20000000       -0.58966906792863    0.43594069284081    0.73331705104023
   176.40000000        0.53974826429470   -0.48915227792477    0.72842167719538
   176.60000000       -0.48606369317004    0.53643154423740    0.72388998851415
   176.80000000        0.42940426542151   -0.57781461621215    0.71990121118844
   177.00000000       -0.37043746481690    0.61345449952654    0.71662426579716
   177.20000000        0.30970129118770   -0.64359480253434    0.71423326694613
   177.40000000       -0.24758163232504    0.66851197885590    0.71288493499201
   177.60000000        0.18432160916119   -0.68846642521898    0.71271345873189
   177.80000000       -0.12003944136654    0.70367608812446    0.71384137207206
   178.00000000        0.05474834018848   -0.71425536898020    0.71635055166478
   178.20000000        0.01160080228395    0.72020762223791    0.72030104660705
   178.40000000       -0.07908324035117   -0.72139481380039    0.72571663635508
   178.60000000        0.14774835573189    0.71752357258256    0.73257740467005
   178.80000000       -0.21757268130450   -0.70816824401824    0.74083745415975
   179.00000000        0.28840566791307    0.69276288894064    0.75039872706299
   179.20000000       -0.35992228142077   -0.67065327861454    0.76113065158327
   179.40000000        0.43158474006051    0.64113865358166    0.77286749250412
   179.60000000       -0.50260367637253   -0.60352332081694    0.78539853213072
   179.80000000        0.57193650539403    0.55720958462004    0.79849476353623
   180.00000000       -0.63829136509560   -0.50176531273153    0.81190165402970
   180.20000000        0.70015621220071    0.43700497901715    0.82534360915259
   180.40000000       -0.75587400522971   -0.36307398448533    0.83855126855313
   180.60000000        0.80372302540511    0.28049345220694    0.85126216778224
   180.80000000       -0.84201525828122   -0.19018815973744    0.86322721880320
   181.00000000        0.86921931036384    0.09348499843908    0.87423203695732
   181.20000000       -0.88407266402794    0.00793303553083    0.88410825600386
   181.40000000        0.88566469804342   -0.11210506952505    0.89273148481140
   181.60000000       -0.87350204926000    0.21689275621825    0.90002683168968
   181.80000000        0.84754672447192   -0.32009725256067    0.90597886358345
   182.00000000       -0.80820363457555    0.41958063036944    0.91062671843206
   182.20000000        0.75627012553252   -0.51336857937527    0.91405240608116
   182.40000000       -0.69286668046724    0.59972988553447    0.91637338050866
   182.60000000        0.61935719513562   -0.67723389795969    0.91774129672361
   182.80000000       -0.53725326980712    0.74477255352863    0.91832849918099
   183.00000000        0.44812450212654   -0.80154748798903    0.91831037504086
   183.20000000       -0.35353135638841    0.84703888102947    0.91785580889674
   183.40000000        0.25497955567252   -0.88097125825839    0.91712863421023
   183.60000000       -0.15388509049899    0.90325981690166    0.91627447738497
   183.80000000        0.05156343826359   -0.91395549142259    0.91540888594501
   184.00000000        0.05076076822229    0.91320867729666    0.91461835968913
   184.20000000       -0.15193979489950   -0.90125148332780    0.91396933070791
   184.40000000        0.25088391493144    0.87836987779217    0.91349678761557
   184.60000000       -0.34653696595950   -0.84489876771469    0.91320413734401
   184.80000000        0.43786364068360    0.80124156471754    0.91307864549759
   185.00000000       -0.52384561472052   -0.74788239541865    0.91309490494639
   185.20000000        0.60347912461065    0.68539427687736    0.91320992582050
   185.40000000       -0.67578706519048   -0.61446141032336    0.91337340789807
   185.60000000        0.73985023810408    0.53589744723261    0.91354499001040
   185.80000000       -0.79482671481029   -0.45063748507222    0.91368684434456
   186.00000000        0.83997631696402    0.35973142336489    0.91376523791210
   186.20000000       -0.87469681697673   -0.26433363274295    0.91376517280333
   186.40000000        0.89854507172044    0.16567317185141    0.91369078236808
   186.60000000       -0.91123817376737   -0.06501895694866    0.91355485554705
   186.80000000        0.91265766813296   -0.03634817596596    0.91338119594063
   187.00000000       -0.90285315654059    0.13716705749197    0.91321335072168
   187.20000000        0.88201236966415   -0.23622448853550    0.91309792970109
   187.40000000       -0.85043582943968    0.33236584076722    0.91307620279124
   187.60000000        0.80852499142742   -0.42450297194568    0.91318970370533
   187.80000000       -0.75675964790693    0.51161409769987    0.91347367212497
   188.00000000        0.69567382115147   -0.59272685195745    0.91394047205870
   188.20000000       -0.62585680182263    0.66690118094262    0.91457854858416
   188.40000000        0.54796668969798   -0.73322351785476    0.91536015871015
   188.60000000       -0.46273736300319    0.79078801394060    0.91622680058556
   188.80000000        0.37100327237205   -0.83869057723201    0.91708522638222
   189.00000000       -0.27373745370128    0.87604690087000    0.91781826419112
   189.20000000        0.17207816420693   -0.90202229978978    0.91828923761246
   189.40000000       -0.06734862156825    0.91586400953122    0.91833693205802
   189.60000000       -0.03892947360676   -0.91695799855233    0.91778400237986
   189.80000000        0.14504501500556    0.90490521908221    0.91645595196943
   190.00000000       -0.24913433720055   -0.87958471034671    0.91418662243990
   190.20000000        0.34923936718235    0.84120793687522    0.91082321481822
   190.40000000       -0.44338735556217   -0.79036458193719    0.90623866583432
   190.60000000        0.52969564561044    0.72804734464878    0.90035016134212
   190.80000000       -0.60647876545160   -0.65563041915537    0.89312246610727
   191.00000000        0.67234638393815    0.57481434102233    0.88456836176727
   191.20000000       -0.72628575298165   -0.48754497108518    0.87475201846842
   191.40000000        0.76772333203917    0.39591144744896    0.86379684462173
   191.60000000       -0.79654048247500   -0.30202079407805    0.85187634095392
   191.80000000        0.81304653492929    0.20787693611149    0.83920050555730
   192.00000000       -0.81792485150272   -0.11528098637374    0.82600893973676
   192.20000000        0.81216211814388    0.02575196631688    0.81257028613969
   192.40000000       -0.79693886364074    0.05952486604975    0.79915878400931
   192.60000000        0.77352362925721   -0.13970909835732    0.78603908120593
   192.80000000       -0.74319368765181    0.21429135058206    0.77347116319859
   193.00000000        0.70714574445135   -0.28305633460917    0.76169284653201
   193.20000000       -0.66642738820099    0.34602093671546    0.75090342414310
   193.40000000        0.62191798130363   -0.40337596897507    0.74127872478263
   193.60000000       -0.57429604613763    0.45541722138251    0.73295347338087
   193.80000000        0.52404013706113   -0.50247568414979    0.72601644500166
   194.00000000       -0.47145901480260    0.54487572344776    0.72052977498599
   194.20000000        0.41670080094964   -0.58287197182382    0.71650491488186
   194.40000000       -0.35980338707448    0.61662482179810    0.71392201829598
   194.60000000        0.30073129772386   -0.64617648936345    0.71272952011036
   194.80000000       -0.23941678096086    0.67142530452078    0.71283401613313
   195.00000000        0.17581528467745   -0.69214729002469    0.71412805953465
   195.20000000       -0.10993920247535    0.70798495783983    0.71647004736302
   195.40000000        0.04190531893365   -0.71848221622399    0.71970323799818
   195.60000000        0.02803629901569    0.72312038435120    0.72366368177955
   195.80000000       -0.09947782463087   -0.72134240243906    0.72816941651641
   196.00000000        0.17184280320837    0.71262318914640    0.73304962910003
   196.20000000       -0.24439211965583   -0.69650426215486    0.73813663731707
   196.40000000        0.31623683039309    0.67263923844982    0.74326931727297
   196.60000000       -0.38637831732312   -0.64085097355034    0.74831689436887
   196.80000000        0.45374541922183    0.60114368520600    0.75316574253470
   197.00000000       -0.51724209101303   -0.55372216181329    0.75772528874172
   197.20000000        0.57580885749975    0.49900193575974    0.76194407423848
   197.40000000       -0.62846133882741   -0.43757936857596    0.76579328686277
   197.60000000        0.67432681744895    0.37020865564859    0.76926660232196
   197.80000000       -0.71268527530403   -0.29777179997305    0.77239131694651
   198.00000000        0.74297157438480    0.22122931235368    0.77520911307099
   198.20000000       -0.76477364017180   -0.14158447352621    0.77776917131326
   198.40000000        0.77783835462458    0.05985451928088    0.78013785282053
   198.60000000       -0.78204387051830    0.02296107631023    0.78238087044647
   198.80000000        0.77737388914723   -0.10589252068736    0.78455298703492
   199.00000000       -0.76391425713875    0.18800658311274    0.78670926494708
   199.20000000        0.74182817565248   -0.26840941644550    0.78889331156279
   199.40000000       -0.71133825732755    0.34623630340736    0.79112685084946
   199.60000000        0.67273776080849   -0.42064878892951    0.79342390841560
   199.80000000       -0.62638765484609    0.49083207022391    0.79578741841265
   200.00000000        0.57271581332300   -0.55598620544500    0.79820051583255
