#    time[fs]          Re(autocorrel)      Im(autocorrel)      Abs(autocorrel)
     0.00000000        1.00000000000000    0.00000000000000    1.00000000000000
     0.00100000        0.99999940664611    0.00000000000000    0.99999940664611
     0.00740080        0.99996749688186    0.00000000000000    0.99996749688186
     0.01395488        0.99988444829552    0.00000000000000    0.99988444829552
     0.02064683        0.99974707610192    0.00000000000000    0.99974707610192
     0.02746091        0.99955263364412    0.00000000000000    0.99955263364412
     0.03438291        0.99929877461595    0.00000000000000    0.99929877461595
     0.04139997        0.99898352174017    0.00000000000000    0.99898352174017
     0.04850039        0.99860523686247    0.00000000000000    0.99860523686247
     0.05567357        0.99816259136373    0.00000000000000    0.99816259136373
     0.06290991        0.99765453654150    0.00000000000000    0.99765453654150
     0.07020076        0.99708027407829    0.00000000000000    0.99708027407829
     0.07753834        0.99643922697899    0.00000000000000    0.99643922697899
     0.08491574        0.99573101147586    0.00000000000000    0.99573101147586
     0.09232677        0.99495541040830    0.00000000000000    0.99495541040830
     0.09976599        0.99411234851767    0.00000000000000    0.99411234851767
     0.10722863        0.99320186998516    0.00000000000000    0.99320186998516
     0.11471050        0.99222411840929    0.00000000000000    0.99222411840929
     0.12220796        0.99117931929017    0.00000000000000    0.99117931929017
     0.12971787        0.99006776497407    0.00000000000000    0.99006776497407
     0.13723751        0.98888980192349    0.00000000000000    0.98888980192349
     0.14476455        0.98764582011648    0.00000000000000    0.98764582011648
     0.15229700        0.98633624434333    0.00000000000000    0.98633624434333
     0.15983317        0.98496152715491    0.00000000000000    0.98496152715491
     0.16737160        0.98352214321981    0.00000000000000    0.98352214321981
     0.17491109        0.98201858486213    0.00000000000000    0.98201858486213
     0.18245060        0.98045135857282    0.00000000000000    0.98045135857282
     0.18998927        0.97882098231314    0.00000000000000    0.97882098231314
     0.19752638        0.97712798345409    0.00000000000000    0.97712798345409
     0.20506132        0.97537289722066    0.00000000000000    0.97537289722066
     0.21259359        0.97355626553265    0.00000000000000    0.97355626553265
     0.22012278        0.97167863615352    0.00000000000000    0.97167863615352
     0.22764856        0.96974056207631    0.00000000000000    0.96974056207631
     0.23517065        0.96774260108999    0.00000000000000    0.96774260108999
     0.24268882        0.96568531548169    0.00000000000000    0.96568531548169
     0.25020291        0.96356927184001    0.00000000000000    0.96356927184001
     0.25771279        0.96139504093235    0.00000000000000    0.96139504093235
     0.26521834        0.95916319763567    0.00000000000000    0.95916319763567
     0.27271949        0.95687432090463    0.00000000000000    0.95687432090463
     0.28021621        0.95452899376536    0.00000000000000    0.95452899376536
     0.28770845        0.95212780332553    0.00000000000000    0.95212780332553
     0.29519621        0.94967134079427    0.00000000000000    0.94967134079427
     0.30267948        0.94716020150663    0.00000000000000    0.94716020150663
     0.31015828        0.94459498494909    0.00000000000000    0.94459498494909
     0.31763264        0.94197629478336    0.00000000000000    0.94197629478336
     0.32510259        0.93930473886653    0.00000000000000    0.93930473886653
     0.33256816        0.93658092926624    0.00000000000000    0.93658092926624
     0.34002941        0.93380548226985    0.00000000000000    0.93380548226985
     0.34748638        0.93097901838714    0.00000000000000    0.93097901838714
     0.35493912        0.92810216234590    0.00000000000000    0.92810216234590
     0.36238769        0.92517554308044    0.00000000000000    0.92517554308044
     0.36983215        0.92219979371278    0.00000000000000    0.92219979371278
     0.37727256        0.91917555152660    0.00000000000000    0.91917555152660
     0.38470899        0.91610345793389    0.00000000000000    0.91610345793389
     0.39214148        0.91298415843469    0.00000000000000    0.91298415843469
     0.39957011        0.90981830256980    0.00000000000000    0.90981830256980
     0.40699494        0.90660654386686    0.00000000000000    0.90660654386686
     0.41441603        0.90334953977996    0.00000000000000    0.90334953977996
     0.42183344        0.90004795162299    0.00000000000000    0.90004795162299
     0.42924724        0.89670244449703    0.00000000000000    0.89670244449703
     0.43665750        0.89331367449130    0.00000000000000    0.89331367449130
     0.44406435        0.88988228758407    0.00000000000000    0.88988228758407
     0.45146783        0.88640895925283    0.00000000000000    0.88640895925283
     0.45886801        0.88289436848942    0.00000000000000    0.88289436848942
     0.46626494        0.87933919764773    0.00000000000000    0.87933919764773
     0.47365867        0.87574413234054    0.00000000000000    0.87574413234054
     0.48104925        0.87210986133248    0.00000000000000    0.87210986133248
     0.48843672        0.86843707642916    0.00000000000000    0.86843707642916
     0.49582114        0.86472647236284    0.00000000000000    0.86472647236284
     0.50320256        0.86097874667485    0.00000000000000    0.86097874667485
     0.51058101        0.85719459959504    0.00000000000000    0.85719459959504
     0.51795654        0.85337473391851    0.00000000000000    0.85337473391851
     0.52532919        0.84951985487995    0.00000000000000    0.84951985487995
     0.53269903        0.84563065230269    0.00000000000000    0.84563065230269
     0.54006611        0.84170782696254    0.00000000000000    0.84170782696254
     0.54743048        0.83775209049046    0.00000000000000    0.83775209049046
     0.55479216        0.83376415645805    0.00000000000000    0.83376415645805
     0.56215119        0.82974474023384    0.00000000000000    0.82974474023384
     0.56950758        0.82569455884760    0.00000000000000    0.82569455884760
     0.57686139        0.82161433085385    0.00000000000000    0.82161433085385
     0.58421261        0.81750477619464    0.00000000000000    0.81750477619464
     0.59156129        0.81336661606181    0.00000000000000    0.81336661606181
     0.59890745        0.80920057275896    0.00000000000000    0.80920057275896
     0.60625110        0.80500736956322    0.00000000000000    0.80500736956322
     0.61359226        0.80078773058703    0.00000000000000    0.80078773058703
     0.62093095        0.79654238064011    0.00000000000000    0.79654238064011
     0.62826719        0.79227204509164    0.00000000000000    0.79227204509164
     0.63560098        0.78797744973297    0.00000000000000    0.78797744973297
     0.64293234        0.78365932064089    0.00000000000000    0.78365932064089
     0.65026128        0.77931838404157    0.00000000000000    0.77931838404157
     0.65758785        0.77495533728980    0.00000000000000    0.77495533728980
     0.66491207        0.77057089832223    0.00000000000000    0.77057089832223
     0.67223397        0.76616577470621    0.00000000000000    0.76616577470621
     0.67955367        0.76174062186814    0.00000000000000    0.76174062186814
     0.68687117        0.75729616350486    0.00000000000000    0.75729616350486
     0.69418645        0.75283312285047    0.00000000000000    0.75283312285047
     0.70149952        0.74835222257376    0.00000000000000    0.74835222257376
     0.70881036        0.74385418466313    0.00000000000000    0.74385418466313
     0.71611896        0.73933973031482    0.00000000000000    0.73933973031482
     0.72342531        0.73480957982507    0.00000000000000    0.73480957982507
     0.73072938        0.73026445248621    0.00000000000000    0.73026445248621
     0.73803117        0.72570506648735    0.00000000000000    0.72570506648735
     0.74533065        0.72113213881979    0.00000000000000    0.72113213881979
     0.75262781        0.71654636754866    0.00000000000000    0.71654636754866
     0.75992265        0.71194846000888    0.00000000000000    0.71194846000888
     0.76721513        0.70733912731273    0.00000000000000    0.70733912731273
     0.77450523        0.70271907187488    0.00000000000000    0.70271907187488
     0.78179292        0.69808900383448    0.00000000000000    0.69808900383448
     0.78907814        0.69344963160818    0.00000000000000    0.69344963160818
     0.79636086        0.68880165670008    0.00000000000000    0.68880165670008
     0.80364103        0.68414578426729    0.00000000000000    0.68414578426729
     0.81091859        0.67948271751119    0.00000000000000    0.67948271751119
     0.81819349        0.67481315748806    0.00000000000000    0.67481315748806
     0.82546566        0.67013780282707    0.00000000000000    0.67013780282707
     0.83273504        0.66545734930927    0.00000000000000    0.66545734930927
     0.84000157        0.66077248919443    0.00000000000000    0.66077248919443
     0.84726516        0.65608391014047    0.00000000000000    0.65608391014047
     0.85452575        0.65139229416580    0.00000000000000    0.65139229416580
     0.86178329        0.64669831534689    0.00000000000000    0.64669831534689
     0.86903770        0.64200263678297    0.00000000000000    0.64200263678297
     0.87628896        0.63730590627641    0.00000000000000    0.63730590627641
     0.88353704        0.63260875034739    0.00000000000000    0.63260875034739
     0.89078196        0.62791176623941    0.00000000000000    0.62791176623941
     0.89802378        0.62321551179592    0.00000000000000    0.62321551179592
     0.90526265        0.61852049364740    0.00000000000000    0.61852049364740
     0.91249878        0.61382715520066    0.00000000000000    0.61382715520066
     0.91973251        0.60913586745847    0.00000000000000    0.60913586745847
     0.92696426        0.60444692721618    0.00000000000000    0.60444692721618
     0.93419455        0.59976056741621    0.00000000000000    0.59976056741621
     0.94142396        0.59507698178637    0.00000000000000    0.59507698178637
     0.94865365        0.59039597928328    0.00000000000000    0.59039597928328
     0.95588411        0.58571778784553    0.00000000000000    0.58571778784553
     0.96311562        0.58104278606736    0.00000000000000    0.58104278606736
     0.97034833        0.57637141911029    0.00000000000000    0.57637141911029
     0.97758231        0.57170418041732    0.00000000000000    0.57170418041732
     0.98481759        0.56704159099438    0.00000000000000    0.56704159099438
     0.99205415        0.56238418083840    0.00000000000000    0.56238418083840
     0.99929201        0.55773247418872    0.00000000000000    0.55773247418872
     1.00653117        0.55308698079719    0.00000000000000    0.55308698079719
     1.01377168        0.54844819000939    0.00000000000000    0.54844819000939
     1.02101359        0.54381656816975    0.00000000000000    0.54381656816975
     1.02825699        0.53919255815613    0.00000000000000    0.53919255815613
     1.03550201        0.53457658028089    0.00000000000000    0.53457658028089
     1.04274878        0.52996903403064    0.00000000000000    0.52996903403064
     1.04999748        0.52537030027889    0.00000000000000    0.52537030027889
     1.05724828        0.52078074372486    0.00000000000000    0.52078074372486
     1.06450139        0.51620071539346    0.00000000000000    0.51620071539346
     1.07175699        0.51163055508490    0.00000000000000    0.51163055508490
     1.07901532        0.50707059369616    0.00000000000000    0.50707059369616
     1.08627659        0.50252115535733    0.00000000000000    0.50252115535733
     1.09354103        0.49798254142688    0.00000000000000    0.49798254142688
     1.10080890        0.49345505434994    0.00000000000000    0.49345505434994
     1.10808040        0.48893901163219    0.00000000000000    0.48893901163219
     1.11535573        0.48443472997290    0.00000000000000    0.48443472997290
     1.12263508        0.47994252590920    0.00000000000000    0.47994252590920
     1.12991864        0.47546271606132    0.00000000000000    0.47546271606132
     1.13720672        0.47099554082351    0.00000000000000    0.47099554082351
     1.14449951        0.46654130888070    0.00000000000000    0.46654130888070
     1.15179717        0.46210034424141    0.00000000000000    0.46210034424141
     1.15909984        0.45767296805463    0.00000000000000    0.45767296805463
     1.16640768        0.45325949671060    0.00000000000000    0.45325949671060
     1.17372085        0.44886023954520    0.00000000000000    0.44886023954520
     1.18103952        0.44447549623531    0.00000000000000    0.44447549623531
     1.18836388        0.44010555397621    0.00000000000000    0.44010555397621
     1.19569411        0.43575068457747    0.00000000000000    0.43575068457747
     1.20303045        0.43141114166800    0.00000000000000    0.43141114166800
     1.21037315        0.42708715826140    0.00000000000000    0.42708715826140
     1.21772251        0.42277894498853    0.00000000000000    0.42277894498853
     1.22507883        0.41848668934177    0.00000000000000    0.41848668934177
     1.23244248        0.41421055627154    0.00000000000000    0.41421055627154
     1.23981385        0.40995069040985    0.00000000000000    0.40995069040985
     1.24719336        0.40570722005052    0.00000000000000    0.40570722005052
     1.25458144        0.40148026279462    0.00000000000000    0.40148026279462
     1.26197852        0.39726993250281    0.00000000000000    0.39726993250281
     1.26938504        0.39307634694188    0.00000000000000    0.39307634694188
     1.27680144        0.38889962130491    0.00000000000000    0.38889962130491
     1.28422816        0.38473986190893    0.00000000000000    0.38473986190893
     1.29166584        0.38059707596965    0.00000000000000    0.38059707596965
     1.29911471        0.37647149187089    0.00000000000000    0.37647149187089
     1.30657494        0.37236336524499    0.00000000000000    0.37236336524499
     1.31404668        0.36827297298121    0.00000000000000    0.36827297298121
     1.32153011        0.36420055997641    0.00000000000000    0.36420055997641
     1.32902527        0.36014644500545    0.00000000000000    0.36014644500545
     1.33653218        0.35611096041996    0.00000000000000    0.35611096041996
     1.34405082        0.35209444820799    0.00000000000000    0.35209444820799
     1.35158114        0.34809725623561    0.00000000000000    0.34809725623561
     1.35912309        0.34411973494506    0.00000000000000    0.34411973494506
     1.36667660        0.34016223455051    0.00000000000000    0.34016223455051
     1.37424160        0.33622510272546    0.00000000000000    0.33622510272546
     1.38181799        0.33230868274563    0.00000000000000    0.33230868274563
     1.38940569        0.32841331203583    0.00000000000000    0.32841331203583
     1.39700462        0.32453932106352    0.00000000000000    0.32453932106352
     1.40461469        0.32068703252218    0.00000000000000    0.32068703252218
     1.41223581        0.31685676075206    0.00000000000000    0.31685676075206
     1.41986791        0.31304881135146    0.00000000000000    0.31304881135146
     1.42751091        0.30926348093858    0.00000000000000    0.30926348093858
     1.43516473        0.30550105600355    0.00000000000000    0.30550105600355
     1.44282931        0.30176181268731    0.00000000000000    0.30176181268731
     1.45050458        0.29804602019333    0.00000000000000    0.29804602019333
     1.45819047        0.29435393866004    0.00000000000000    0.29435393866004
     1.46588693        0.29068581927676    0.00000000000000    0.29068581927676
     1.47359389        0.28704190441176    0.00000000000000    0.28704190441176
     1.48131131        0.28342242774913    0.00000000000000    0.28342242774913
     1.48903912        0.27982761442539    0.00000000000000    0.27982761442539
     1.49677727        0.27625768115872    0.00000000000000    0.27625768115872
     1.50452572        0.27271283636371    0.00000000000000    0.27271283636371
     1.51228443        0.26919328024543    0.00000000000000    0.26919328024543
     1.52005334        0.26569920486626    0.00000000000000    0.26569920486626
     1.52783241        0.26223079417875    0.00000000000000    0.26223079417875
     1.53562160        0.25878822401749    0.00000000000000    0.25878822401749
     1.54342088        0.25537166204295    0.00000000000000    0.25537166204295
     1.55123020        0.25198126763138    0.00000000000000    0.25198126763138
     1.55904957        0.24861718208339    0.00000000000000    0.24861718208339
     1.56687896        0.24527953848334    0.00000000000000    0.24527953848334
     1.57471835        0.24196847118205    0.00000000000000    0.24196847118205
     1.58256773        0.23868410541798    0.00000000000000    0.23868410541798
     1.59042708        0.23542655737651    0.00000000000000    0.23542655737651
     1.59829638        0.23219593457277    0.00000000000000    0.23219593457277
     1.60617564        0.22899233671844    0.00000000000000    0.22899233671844
     1.61406485        0.22581585701206    0.00000000000000    0.22581585701206
     1.62196405        0.22266656235974    0.00000000000000    0.22266656235974
     1.62987320        0.21954454163196    0.00000000000000    0.21954454163196
     1.63779229        0.21644987997927    0.00000000000000    0.21644987997927
     1.64572127        0.21338265725148    0.00000000000000    0.21338265725148
     1.65366009        0.21034294715376    0.00000000000000    0.21034294715376
     1.66160873        0.20733081665793    0.00000000000000    0.20733081665793
     1.66956714        0.20434632572300    0.00000000000000    0.20434632572300
     1.67753528        0.20138952728943    0.00000000000000    0.20138952728943
     1.68551311        0.19846046742591    0.00000000000000    0.19846046742591
     1.69350060        0.19555918578116    0.00000000000000    0.19555918578116
     1.70149771        0.19268571595126    0.00000000000000    0.19268571595126
     1.70950440        0.18984008593044    0.00000000000000    0.18984008593044
     1.71752062        0.18702231855148    0.00000000000000    0.18702231855148
     1.72554632        0.18423243186671    0.00000000000000    0.18423243186671
     1.73358144        0.18147043940885    0.00000000000000    0.18147043940885
     1.74162593        0.17873635023796    0.00000000000000    0.17873635023796
     1.74967973        0.17603016861086    0.00000000000000    0.17603016861086
     1.75774275        0.17335189296629    0.00000000000000    0.17335189296629
     1.76581494        0.17070151362706    0.00000000000000    0.17070151362706
     1.77389627        0.16807900806898    0.00000000000000    0.16807900806898
     1.78198672        0.16548433191459    0.00000000000000    0.16548433191459
     1.79008642        0.16291740509585    0.00000000000000    0.16291740509585
     1.79819576        0.16037805356178    0.00000000000000    0.16037805356178
     1.80631531        0.15786605120046    0.00000000000000    0.15786605120046
     1.81444498        0.15538137161558    0.00000000000000    0.15538137161558
     1.82258453        0.15292403552835    0.00000000000000    0.15292403552835
     1.83073359        0.15049408859751    0.00000000000000    0.15049408859751
     1.83889172        0.14809158838445    0.00000000000000    0.14809158838445
     1.84705841        0.14571659821212    0.00000000000000    0.14571659821212
     1.85523311        0.14336918461777    0.00000000000000    0.14336918461777
     1.86341522        0.14104941656764    0.00000000000000    0.14104941656764
     1.87160407        0.13875736531629    0.00000000000000    0.13875736531629
     1.87979894        0.13649310537024    0.00000000000000    0.13649310537024
     1.88799905        0.13425671447782    0.00000000000000    0.13425671447782
     1.89620353        0.13204827398387    0.00000000000000    0.13204827398387
     1.90441145        0.12986787215139    0.00000000000000    0.12986787215139
     1.91262179        0.12771560347090    0.00000000000000    0.12771560347090
     1.92083341        0.12559156953130    0.00000000000000    0.12559156953130
     1.92904509        0.12349587986222    0.00000000000000    0.12349587986222
     1.93725550        0.12142865271552    0.00000000000000    0.12142865271552
     1.94546318        0.11939001572222    0.00000000000000    0.11939001572222
     1.95366654        0.11738010631123    0.00000000000000    0.11738010631123
     1.96186386        0.11539907169014    0.00000000000000    0.11539907169014
     1.97005329        0.11344706803937    0.00000000000000    0.11344706803937
     1.97823282        0.11152425831485    0.00000000000000    0.11152425831485
     1.98640035        0.10963080760048    0.00000000000000    0.10963080760048
     1.99455366        0.10776687412907    0.00000000000000    0.10776687412907
     2.00269055        0.10593259255614    0.00000000000000    0.10593259255614
     2.01080890        0.10412804315522    0.00000000000000    0.10412804315522
     2.01890703        0.10235319511247    0.00000000000000    0.10235319511247
     2.02698416        0.10060780272045    0.00000000000000    0.10060780272045
     2.03504136        0.09889122082387    0.00000000000000    0.09889122082387
     2.04308299        0.09720214066181    0.00000000000000    0.09720214066181
     2.05112030        0.09553787980427    0.00000000000000    0.09553787980427
     2.05917459        0.09389386770378    0.00000000000000    0.09389386770378
     2.06725254        0.09226868863072    0.00000000000000    0.09226868863072
     2.07535692        0.09066177980065    0.00000000000000    0.09066177980065
     2.08348797        0.08907309217912    0.00000000000000    0.08907309217912
     2.09164463        0.08750282729439    0.00000000000000    0.08750282729439
     2.09982522        0.08595128591719    0.00000000000000    0.08595128591719
     2.10802782        0.08441878890243    0.00000000000000    0.08441878890243
     2.11625049        0.08290563791176    0.00000000000000    0.08290563791176
     2.12449134        0.08141209704485    0.00000000000000    0.08141209704485
     2.13274862        0.07993838546201    0.00000000000000    0.07993838546201
     2.14102070        0.07848467579266    0.00000000000000    0.07848467579266
     2.14930613        0.07705109555197    0.00000000000000    0.07705109555197
     2.15760356        0.07563773005290    0.00000000000000    0.07563773005290
     2.16591181        0.07424462597737    0.00000000000000    0.07424462597737
     2.17422981        0.07287179514211    0.00000000000000    0.07287179514211
     2.18255661        0.07151921820462    0.00000000000000    0.07151921820462
     2.19089136        0.07018684817540    0.00000000000000    0.07018684817540
     2.19923332        0.06887461190804    0.00000000000000    0.06887461190804
     2.20758184        0.06758241548230    0.00000000000000    0.06758241548230
     2.21593633        0.06631014779254    0.00000000000000    0.06631014779254
     2.22429626        0.06505768067756    0.00000000000000    0.06505768067756
     2.23266123        0.06382486584696    0.00000000000000    0.06382486584696
     2.24103084        0.06261154958954    0.00000000000000    0.06261154958954
     2.24940471        0.06141756786854    0.00000000000000    0.06141756786854
     2.25778253        0.06024274783991    0.00000000000000    0.06024274783991
     2.26616402        0.05908690917937    0.00000000000000    0.05908690917937
     2.27454893        0.05794986523770    0.00000000000000    0.05794986523770
     2.28293703        0.05683142404103    0.00000000000000    0.05683142404103
     2.29132811        0.05573138915257    0.00000000000000    0.05573138915257
     2.29972200        0.05464956041250    0.00000000000000    0.05464956041250
     2.30811854        0.05358573457215    0.00000000000000    0.05358573457215
     2.31651757        0.05253970583752    0.00000000000000    0.05253970583752
     2.32491896        0.05151126633632    0.00000000000000    0.05151126633632
     2.33332260        0.05050020652085    0.00000000000000    0.05050020652085
     2.34172837        0.04950631551789    0.00000000000000    0.04950631551789
     2.35013619        0.04852938143461    0.00000000000000    0.04852938143461
     2.35854597        0.04756919162857    0.00000000000000    0.04756919162857
     2.36695762        0.04662553294788    0.00000000000000    0.04662553294788
     2.37537109        0.04569819194702    0.00000000000000    0.04569819194702
     2.38378632        0.04478695508221    0.00000000000000    0.04478695508221
     2.39220325        0.04389160888962    0.00000000000000    0.04389160888962
     2.40062185        0.04301194014923    0.00000000000000    0.04301194014923
     2.40904208        0.04214773603612    0.00000000000000    0.04214773603612
     2.41746411        0.04129876435363    0.00000000000000    0.04129876435363
     2.42588803        0.04046480430916    0.00000000000000    0.04046480430916
     2.43431383        0.03964564684969    0.00000000000000    0.03964564684969
     2.44274149        0.03884108372680    0.00000000000000    0.03884108372680
     2.45117101        0.03805090762144    0.00000000000000    0.03805090762144
     2.45960240        0.03727491224990    0.00000000000000    0.03727491224990
     2.46803566        0.03651289246320    0.00000000000000    0.03651289246320
     2.47647082        0.03576464434054    0.00000000000000    0.03576464434054
     2.48490790        0.03502996527693    0.00000000000000    0.03502996527693
     2.49334691        0.03430865406572    0.00000000000000    0.03430865406572
     2.50178790        0.03360051097565    0.00000000000000    0.03360051097565
     2.51023090        0.03290533782397    0.00000000000000    0.03290533782397
     2.51867594        0.03222293803562    0.00000000000000    0.03222293803562
     2.52712307        0.03155311669381    0.00000000000000    0.03155311669381
     2.53557235        0.03089568066106    0.00000000000000    0.03089568066106
     2.54402381        0.03025043859468    0.00000000000000    0.03025043859468
     2.55247751        0.02961720099887    0.00000000000000    0.02961720099887
     2.56093351        0.02899578027043    0.00000000000000    0.02899578027043
     2.56939190        0.02838598866286    0.00000000000000    0.02838598866286
     2.57785280        0.02778763717580    0.00000000000000    0.02778763717580
     2.58631629        0.02720054454036    0.00000000000000    0.02720054454036
     2.59478244        0.02662453006302    0.00000000000000    0.02662453006302
     2.60325132        0.02605941599690    0.00000000000000    0.02605941599690
     2.61172300        0.02550502749465    0.00000000000000    0.02550502749465
     2.62019752        0.02496119184739    0.00000000000000    0.02496119184739
     2.62867496        0.02442773850342    0.00000000000000    0.02442773850342
     2.63715537        0.02390449908146    0.00000000000000    0.02390449908146
     2.64563878        0.02339130737927    0.00000000000000    0.02339130737927
     2.65412527        0.02288799937399    0.00000000000000    0.02288799937399
     2.66261486        0.02239441322760    0.00000000000000    0.02239441322760
     2.67110760        0.02191038927474    0.00000000000000    0.02191038927474
     2.67960353        0.02143577000688    0.00000000000000    0.02143577000688
     2.68810268        0.02097040004767    0.00000000000000    0.02097040004767
     2.69660508        0.02051412611789    0.00000000000000    0.02051412611789
     2.70511075        0.02006679697936    0.00000000000000    0.02006679697936
     2.71361972        0.01962826338315    0.00000000000000    0.01962826338315
     2.72213201        0.01919837799185    0.00000000000000    0.01919837799185
     2.73064764        0.01877699527221    0.00000000000000    0.01877699527221
     2.73916662        0.01836397136411    0.00000000000000    0.01836397136411
     2.74768900        0.01795916391816    0.00000000000000    0.01795916391816
     2.75621481        0.01756243189393    0.00000000000000    0.01756243189393
     2.76474412        0.01717363531126    0.00000000000000    0.01717363531126
     2.77327700        0.01679263494600    0.00000000000000    0.01679263494600
     2.78181357        0.01641929196171    0.00000000000000    0.01641929196171
     2.79035402        0.01605346747019    0.00000000000000    0.01605346747019
     2.79889859        0.01569502201775    0.00000000000000    0.01569502201775
     2.80744760        0.01534381500344    0.00000000000000    0.01534381500344
     2.81600149        0.01499970405212    0.00000000000000    0.01499970405212
     2.82456086        0.01466254439422    0.00000000000000    0.01466254439422
     2.83312645        0.01433218834676    0.00000000000000    0.01433218834676
     2.84169919        0.01400848504620    0.00000000000000    0.01400848504620
     2.85028024        0.01369128063856    0.00000000000000    0.01369128063856
     2.85887092        0.01338041915230    0.00000000000000    0.01338041915230
     2.86747273        0.01307574421610    0.00000000000000    0.01307574421610
     2.87608726        0.01277710159342    0.00000000000000    0.01277710159342
     2.88471635        0.01248433478334    0.00000000000000    0.01248433478334
     2.89336282        0.01219726094456    0.00000000000000    0.01219726094456
     2.90202781        0.01191576014696    0.00000000000000    0.01191576014696
     2.91071221        0.01163972390093    0.00000000000000    0.01163972390093
     2.91941667        0.01136905417696    0.00000000000000    0.01136905417696
     2.92814161        0.01110366167440    0.00000000000000    0.01110366167440
     2.93688727        0.01084346393089    0.00000000000000    0.01084346393089
     2.94565378        0.01058838355017    0.00000000000000    0.01058838355017
     2.95444112        0.01033834669496    0.00000000000000    0.01033834669496
     2.96324924        0.01009328189166    0.00000000000000    0.01009328189166
     2.97207801        0.00985311913338    0.00000000000000    0.00985311913338
     2.98092729        0.00961778923945    0.00000000000000    0.00961778923945
     2.98979694        0.00938722342086    0.00000000000000    0.00938722342086
     2.99868680        0.00916135300350    0.00000000000000    0.00916135300350
     3.00759673        0.00894010926761    0.00000000000000    0.00894010926761
     3.01652660        0.00872342337025    0.00000000000000    0.00872342337025
     3.02547629        0.00851122632463    0.00000000000000    0.00851122632463
     3.03444570        0.00830344901717    0.00000000000000    0.00830344901717
     3.04343477        0.00810002224796    0.00000000000000    0.00810002224796
     3.05244344        0.00790087678478    0.00000000000000    0.00790087678478
     3.06147167        0.00770594342356    0.00000000000000    0.00770594342356
     3.07051944        0.00751515305092    0.00000000000000    0.00751515305092
     3.07958678        0.00732843670567    0.00000000000000    0.00732843670567
     3.08867372        0.00714572563781    0.00000000000000    0.00714572563781
     3.09778030        0.00696695136400    0.00000000000000    0.00696695136400
     3.10690660        0.00679204571929    0.00000000000000    0.00679204571929
     3.11605272        0.00662094090513    0.00000000000000    0.00662094090513
     3.12521879        0.00645356953388    0.00000000000000    0.00645356953388
     3.13440494        0.00628986467019    0.00000000000000    0.00628986467019
     3.14361136        0.00612975961324    0.00000000000000    0.00612975961324
     3.15283847        0.00597318445984    0.00000000000000    0.00597318445984
     3.16208650        0.00582007429269    0.00000000000000    0.00582007429269
     3.17135566        0.00567036475089    0.00000000000000    0.00567036475089
     3.18064621        0.00552399208092    0.00000000000000    0.00552399208092
     3.18995844        0.00538089316681    0.00000000000000    0.00538089316681
     3.19929265        0.00524100555913    0.00000000000000    0.00524100555913
     3.20864917        0.00510426750288    0.00000000000000    0.00510426750288
     3.21802835        0.00497061796414    0.00000000000000    0.00497061796414
     3.22743057        0.00483999665589    0.00000000000000    0.00483999665589
     3.23685624        0.00471234406262    0.00000000000000    0.00471234406262
     3.24630578        0.00458760146412    0.00000000000000    0.00458760146412
     3.25577964        0.00446571095823    0.00000000000000    0.00446571095823
     3.26527829        0.00434661548265    0.00000000000000    0.00434661548265
     3.27480222        0.00423025883579    0.00000000000000    0.00423025883579
     3.28435195        0.00411658569662    0.00000000000000    0.00411658569662
     3.29392800        0.00400554164352    0.00000000000000    0.00400554164352
     3.30353094        0.00389707317219    0.00000000000000    0.00389707317219
     3.31316132        0.00379112771239    0.00000000000000    0.00379112771239
     3.32281971        0.00368765364364    0.00000000000000    0.00368765364364
     3.33250672        0.00358660030971    0.00000000000000    0.00358660030971
     3.34222294        0.00348791803186    0.00000000000000    0.00348791803186
     3.35196897        0.00339155812068    0.00000000000000    0.00339155812068
     3.36174542        0.00329747288646    0.00000000000000    0.00329747288646
     3.37155288        0.00320561564787    0.00000000000000    0.00320561564787
     3.38139197        0.00311594073881    0.00000000000000    0.00311594073881
     3.39126327        0.00302840351316    0.00000000000000    0.00302840351316
     3.40116736        0.00294296034725    0.00000000000000    0.00294296034725
     3.41110478        0.00285956863982    0.00000000000000    0.00285956863982
     3.42107609        0.00277818680900    0.00000000000000    0.00277818680900
     3.43108176        0.00269877428617    0.00000000000000    0.00269877428617
     3.44112229        0.00262129150639    0.00000000000000    0.00262129150639
     3.45119809        0.00254569989500    0.00000000000000    0.00254569989500
     3.46130954        0.00247196185028    0.00000000000000    0.00247196185028
     3.47145699        0.00240004072182    0.00000000000000    0.00240004072182
     3.48164070        0.00232990078460    0.00000000000000    0.00232990078460
     3.49186090        0.00226150720859    0.00000000000000    0.00226150720859
     3.50211774        0.00219482602408    0.00000000000000    0.00219482602408
     3.51241130        0.00212982408286    0.00000000000000    0.00212982408286
     3.52274160        0.00206646901572    0.00000000000000    0.00206646901572
     3.53310858        0.00200472918668    0.00000000000000    0.00200472918668
     3.54351212        0.00194457364485    0.00000000000000    0.00194457364485
     3.55395199        0.00188597207454    0.00000000000000    0.00188597207454
     3.56442794        0.00182889474490    0.00000000000000    0.00182889474490
     3.57493960        0.00177331245986    0.00000000000000    0.00177331245986
     3.58548656        0.00171919650978    0.00000000000000    0.00171919650978
     3.59606833        0.00166651862568    0.00000000000000    0.00166651862568
     3.60668435        0.00161525093713    0.00000000000000    0.00161525093713
     3.61733400        0.00156536593456    0.00000000000000    0.00156536593456
     3.62801661        0.00151683643623    0.00000000000000    0.00151683643623
     3.63873144        0.00146963556001    0.00000000000000    0.00146963556001
     3.64947771        0.00142373669864    0.00000000000000    0.00142373669864
     3.66025458        0.00137911349601    0.00000000000000    0.00137911349601
     3.67106116        0.00133573981843    0.00000000000000    0.00133573981843
     3.68189655        0.00129358970798    0.00000000000000    0.00129358970798
     3.69275984        0.00125263729356    0.00000000000000    0.00125263729356
     3.70365014        0.00121285664218    0.00000000000000    0.00121285664218
     3.71456693        0.00117422076449    0.00000000000000    0.00117422076449
     3.72550945        0.00113670375776    0.00000000000000    0.00113670375776
     3.73647675        0.00110028057370    0.00000000000000    0.00110028057370
     3.74746781        0.00106492657336    0.00000000000000    0.00106492657336
     3.75848156        0.00103061742938    0.00000000000000    0.00103061742938
     3.76951687        0.00099732908212    0.00000000000000    0.00099732908212
     3.78057261        0.00096503772339    0.00000000000000    0.00096503772339
     3.79164761        0.00093371979147    0.00000000000000    0.00093371979147
     3.80274069        0.00090335197020    0.00000000000000    0.00090335197020
     3.81385066        0.00087391118932    0.00000000000000    0.00087391118932
     3.82497630        0.00084537462491    0.00000000000000    0.00084537462491
     3.83611640        0.00081771969992    0.00000000000000    0.00081771969992
     3.84726975        0.00079092408482    0.00000000000000    0.00079092408482
     3.85843517        0.00076496569881    0.00000000000000    0.00076496569881
     3.86961145        0.00073982271178    0.00000000000000    0.00073982271178
     3.88079745        0.00071547354745    0.00000000000000    0.00071547354745
     3.89199204        0.00069189688775    0.00000000000000    0.00069189688775
     3.90319414        0.00066907167869    0.00000000000000    0.00066907167869
     3.91440271        0.00064697713768    0.00000000000000    0.00064697713768
     3.92561676        0.00062559276225    0.00000000000000    0.00062559276225
     3.93683536        0.00060489834003    0.00000000000000    0.00060489834003
     3.94805766        0.00058487395970    0.00000000000000    0.00058487395970
     3.95928285        0.00056550002287    0.00000000000000    0.00056550002287
     3.97051023        0.00054675725630    0.00000000000000    0.00054675725630
     3.98173913        0.00052862672442    0.00000000000000    0.00052862672442
     3.99296900        0.00051108984176    0.00000000000000    0.00051108984176
     4.00419934        0.00049412838489    0.00000000000000    0.00049412838489
     4.01542973        0.00047772450388    0.00000000000000    0.00047772450388
     4.02665983        0.00046186073281    0.00000000000000    0.00046186073281
     4.03788938        0.00044651999927    0.00000000000000    0.00044651999927
     4.04911819        0.00043168563271    0.00000000000000    0.00043168563271
     4.06034613        0.00041734137148    0.00000000000000    0.00041734137148
     4.07157326        0.00040347123754    0.00000000000000    0.00040347123754
     4.08279974        0.00039005962014    0.00000000000000    0.00039005962014
     4.09402565        0.00037709153257    0.00000000000000    0.00037709153257
     4.10525112        0.00036455241239    0.00000000000000    0.00036455241239
     4.11647631        0.00035242811707    0.00000000000000    0.00035242811707
     4.12770146        0.00034070491567    0.00000000000000    0.00034070491567
     4.13892680        0.00032936951442    0.00000000000000    0.00032936951442
     4.15015263        0.00031840903284    0.00000000000000    0.00031840903284
     4.16137923        0.00030781099847    0.00000000000000    0.00030781099847
     4.17260695        0.00029756334059    0.00000000000000    0.00029756334059
     4.18383611        0.00028765438299    0.00000000000000    0.00028765438299
     4.19506709        0.00027807283598    0.00000000000000    0.00027807283598
     4.20630025        0.00026880778761    0.00000000000000    0.00026880778761
     4.21753597        0.00025984869298    0.00000000000000    0.00025984869298
     4.22877461        0.00025118536622    0.00000000000000    0.00025118536622
     4.24001655        0.00024280797019    0.00000000000000    0.00024280797019
     4.25126217        0.00023470700484    0.00000000000000    0.00023470700484
     4.26251183        0.00022687329590    0.00000000000000    0.00022687329590
     4.27376590        0.00021929798328    0.00000000000000    0.00021929798328
     4.28502472        0.00021197250916    0.00000000000000    0.00021197250916
     4.29628867        0.00020488860595    0.00000000000000    0.00020488860595
     4.30755811        0.00019803828427    0.00000000000000    0.00019803828427
     4.31883338        0.00019141382110    0.00000000000000    0.00019141382110
     4.33011488        0.00018500774844    0.00000000000000    0.00018500774844
     4.34140299        0.00017881284266    0.00000000000000    0.00017881284266
     4.35269812        0.00017282211525    0.00000000000000    0.00017282211525
     4.36400068        0.00016702880536    0.00000000000000    0.00016702880536
     4.37531113        0.00016142637411    0.00000000000000    0.00016142637411
     4.38662992        0.00015600850093    0.00000000000000    0.00015600850093
     4.39795749        0.00015076908161    0.00000000000000    0.00015076908161
     4.40929432        0.00014570221218    0.00000000000000    0.00014570221218
     4.42064127        0.00014080201825    0.00000000000000    0.00014080201825
     4.43199865        0.00013606307932    0.00000000000000    0.00013606307932
     4.44336667        0.00013148017833    0.00000000000000    0.00013148017833
     4.45474551        0.00012704829096    0.00000000000000    0.00012704829096
     4.46613525        0.00012276257325    0.00000000000000    0.00012276257325
     4.47753597        0.00011861834763    0.00000000000000    0.00011861834763
     4.48894767        0.00011461109494    0.00000000000000    0.00011461109494
     4.50037033        0.00011073644208    0.00000000000000    0.00011073644208
     4.51180395        0.00010699015274    0.00000000000000    0.00010699015274
     4.52324849        0.00010336811961    0.00000000000000    0.00010336811961
     4.53470393        0.00009986635701    0.00000000000000    0.00009986635701
     4.54617027        0.00009648099598    0.00000000000000    0.00009648099598
     4.55764752        0.00009320828168    0.00000000000000    0.00009320828168
     4.56913574        0.00009004456823    0.00000000000000    0.00009004456823
     4.58063498        0.00008698631570    0.00000000000000    0.00008698631570
     4.59214535        0.00008403008735    0.00000000000000    0.00008403008735
     4.60366699        0.00008117254742    0.00000000000000    0.00008117254742
     4.61520005        0.00007841045896    0.00000000000000    0.00007841045896
     4.62674475        0.00007574068195    0.00000000000000    0.00007574068195
     4.63830145        0.00007316014272    0.00000000000000    0.00007316014272
     4.64987054        0.00007066586454    0.00000000000000    0.00007066586454
     4.66145232        0.00006825499365    0.00000000000000    0.00006825499365
     4.67304710        0.00006592476512    0.00000000000000    0.00006592476512
     4.68465522        0.00006367250239    0.00000000000000    0.00006367250239
     4.69627704        0.00006149561534    0.00000000000000    0.00006149561534
     4.70791293        0.00005939159797    0.00000000000000    0.00005939159797
     4.71956329        0.00005735802642    0.00000000000000    0.00005735802642
     4.73122849        0.00005539255694    0.00000000000000    0.00005539255694
     4.74290895        0.00005349292392    0.00000000000000    0.00005349292392
     4.75460506        0.00005165693783    0.00000000000000    0.00005165693783
     4.76631723        0.00004988248316    0.00000000000000    0.00004988248316
     4.77804587        0.00004816751623    0.00000000000000    0.00004816751623
     4.78979135        0.00004651006309    0.00000000000000    0.00004651006309
     4.80155406        0.00004490821735    0.00000000000000    0.00004490821735
     4.81333436        0.00004336013799    0.00000000000000    0.00004336013799
     4.82513262        0.00004186404713    0.00000000000000    0.00004186404713
     4.83694916        0.00004041822788    0.00000000000000    0.00004041822788
     4.84878430        0.00003902102209    0.00000000000000    0.00003902102209
     4.86063835        0.00003767082819    0.00000000000000    0.00003767082819
     4.87251156        0.00003636609899    0.00000000000000    0.00003636609899
     4.88440422        0.00003510533962    0.00000000000000    0.00003510533962
     4.89631655        0.00003388710546    0.00000000000000    0.00003388710546
     4.90824878        0.00003271000024    0.00000000000000    0.00003271000024
     4.92020111        0.00003157267424    0.00000000000000    0.00003157267424
     4.93217372        0.00003047382267    0.00000000000000    0.00003047382267
     4.94416677        0.00002941218418    0.00000000000000    0.00002941218418
     4.95618041        0.00002838653956    0.00000000000000    0.00002838653956
     4.96821473        0.00002739571047    0.00000000000000    0.00002739571047
     4.98026980        0.00002643855818    0.00000000000000    0.00002643855818
     4.99234567        0.00002551398229    0.00000000000000    0.00002551398229
     5.00444245        0.00002462090954    0.00000000000000    0.00002462090954
     5.01656009        0.00002375831353    0.00000000000000    0.00002375831353
     5.02869848        0.00002292520326    0.00000000000000    0.00002292520326
     5.04085746        0.00002212061918    0.00000000000000    0.00002212061918
     5.05303688        0.00002134363155    0.00000000000000    0.00002134363155
     5.06523655        0.00002059333903    0.00000000000000    0.00002059333903
     5.07745630        0.00001986886746    0.00000000000000    0.00001986886746
     5.08969596        0.00001916936876    0.00000000000000    0.00001916936876
     5.10195537        0.00001849402008    0.00000000000000    0.00001849402008
     5.11423435        0.00001784202298    0.00000000000000    0.00001784202298
     5.12653278        0.00001721260279    0.00000000000000    0.00001721260279
     5.13885054        0.00001660500756    0.00000000000000    0.00001660500756
     5.15118759        0.00001601850490    0.00000000000000    0.00001601850490
     5.16354383        0.00001545238875    0.00000000000000    0.00001545238875
     5.17591916        0.00001490597485    0.00000000000000    0.00001490597485
     5.18831351        0.00001437860031    0.00000000000000    0.00001437860031
     5.20072678        0.00001386962311    0.00000000000000    0.00001386962311
     5.21315890        0.00001337842170    0.00000000000000    0.00001337842170
     5.22560979        0.00001290439451    0.00000000000000    0.00001290439451
     5.23807935        0.00001244695953    0.00000000000000    0.00001244695953
     5.25056747        0.00001200555376    0.00000000000000    0.00001200555376
     5.26307405        0.00001157963279    0.00000000000000    0.00001157963279
     5.27559895        0.00001116867027    0.00000000000000    0.00001116867027
     5.28814201        0.00001077215738    0.00000000000000    0.00001077215738
     5.30070306        0.00001038960234    0.00000000000000    0.00001038960234
     5.31328187        0.00001002052984    0.00000000000000    0.00001002052984
     5.32587823        0.00000966448052    0.00000000000000    0.00000966448052
     5.33849186        0.00000932101042    0.00000000000000    0.00000932101042
     5.35112247        0.00000898969043    0.00000000000000    0.00000898969043
     5.36376973        0.00000867010577    0.00000000000000    0.00000867010577
     5.37643330        0.00000836185544    0.00000000000000    0.00000836185544
     5.38911280        0.00000806455169    0.00000000000000    0.00000806455169
     5.40180782        0.00000777781953    0.00000000000000    0.00000777781953
     5.41451795        0.00000750129627    0.00000000000000    0.00000750129627
     5.42724274        0.00000723463098    0.00000000000000    0.00000723463098
     5.43998174        0.00000697748414    0.00000000000000    0.00000697748414
     5.45273449        0.00000672952717    0.00000000000000    0.00000672952717
     5.46550051        0.00000649044208    0.00000000000000    0.00000649044208
     5.47827933        0.00000625992113    0.00000000000000    0.00000625992113
     5.49107048        0.00000603766647    0.00000000000000    0.00000603766647
     5.50387346        0.00000582338989    0.00000000000000    0.00000582338989
     5.51668780        0.00000561681237    0.00000000000000    0.00000561681237
     5.52951305        0.00000541766389    0.00000000000000    0.00000541766389
     5.54234872        0.00000522568346    0.00000000000000    0.00000522568346
     5.55519435        0.00000504061850    0.00000000000000    0.00000504061850
     5.56804947        0.00000486222464    0.00000000000000    0.00000486222464
     5.58091365        0.00000469026542    0.00000000000000    0.00000469026542
     5.59378647        0.00000452451218    0.00000000000000    0.00000452451218
     5.60666750        0.00000436474376    0.00000000000000    0.00000436474376
     5.61955636        0.00000421074635    0.00000000000000    0.00000421074635
     5.63245266        0.00000406231334    0.00000000000000    0.00000406231334
     5.64535601        0.00000391924504    0.00000000000000    0.00000391924504
     5.65826607        0.00000378134856    0.00000000000000    0.00000378134856
     5.67118248        0.00000364843762    0.00000000000000    0.00000364843762
     5.68410489        0.00000352033235    0.00000000000000    0.00000352033235
     5.69703296        0.00000339685914    0.00000000000000    0.00000339685914
     5.70996636        0.00000327785040    0.00000000000000    0.00000327785040
     5.72290476        0.00000316314440    0.00000000000000    0.00000316314440
     5.73584784        0.00000305258510    0.00000000000000    0.00000305258510
     5.74879527        0.00000294602191    0.00000000000000    0.00000294602191
     5.76174675        0.00000284330957    0.00000000000000    0.00000284330957
     5.77470198        0.00000274430795    0.00000000000000    0.00000274430795
     5.78766065        0.00000264888186    0.00000000000000    0.00000264888186
     5.80062247        0.00000255690092    0.00000000000000    0.00000255690092
     5.81358717        0.00000246823938    0.00000000000000    0.00000246823938
     5.82655448        0.00000238277594    0.00000000000000    0.00000238277594
     5.83952414        0.00000230039363    0.00000000000000    0.00000230039363
     5.85249589        0.00000222097967    0.00000000000000    0.00000222097967
     5.86546952        0.00000214442530    0.00000000000000    0.00000214442530
     5.87844479        0.00000207062565    0.00000000000000    0.00000207062565
     5.89142151        0.00000199947963    0.00000000000000    0.00000199947963
     5.90439947        0.00000193088979    0.00000000000000    0.00000193088979
     5.91737849        0.00000186476222    0.00000000000000    0.00000186476222
     5.93035842        0.00000180100639    0.00000000000000    0.00000180100639
     5.94333909        0.00000173953507    0.00000000000000    0.00000173953507
     5.95632037        0.00000168026424    0.00000000000000    0.00000168026424
     5.96930212        0.00000162311291    0.00000000000000    0.00000162311291
     5.98228422        0.00000156800312    0.00000000000000    0.00000156800312
     5.99526655        0.00000151485974    0.00000000000000    0.00000151485974
     6.00824902        0.00000146361042    0.00000000000000    0.00000146361042
     6.02123154        0.00000141418552    0.00000000000000    0.00000141418552
     6.03421400        0.00000136651793    0.00000000000000    0.00000136651793
     6.04719633        0.00000132054308    0.00000000000000    0.00000132054308
     6.06017845        0.00000127619880    0.00000000000000    0.00000127619880
     6.07316029        0.00000123342522    0.00000000000000    0.00000123342522
     6.08614176        0.00000119216472    0.00000000000000    0.00000119216472
     6.09912282        0.00000115236183    0.00000000000000    0.00000115236183
     6.11210339        0.00000111396313    0.00000000000000    0.00000111396313
     6.12508341        0.00000107691723    0.00000000000000    0.00000107691723
     6.13806283        0.00000104117464    0.00000000000000    0.00000104117464
     6.15104161        0.00000100668770    0.00000000000000    0.00000100668770
     6.16401968        0.00000097341055    0.00000000000000    0.00000097341055
     6.17699701        0.00000094129902    0.00000000000000    0.00000094129902
     6.18997357        0.00000091031061    0.00000000000000    0.00000091031061
     6.20294933        0.00000088040439    0.00000000000000    0.00000088040439
     6.21592426        0.00000085154093    0.00000000000000    0.00000085154093
     6.22889835        0.00000082368231    0.00000000000000    0.00000082368231
     6.24187158        0.00000079679200    0.00000000000000    0.00000079679200
     6.25484395        0.00000077083481    0.00000000000000    0.00000077083481
     6.26781547        0.00000074577690    0.00000000000000    0.00000074577690
     6.28078614        0.00000072158565    0.00000000000000    0.00000072158565
     6.29375598        0.00000069822969    0.00000000000000    0.00000069822969
     6.30672500        0.00000067567880    0.00000000000000    0.00000067567880
     6.31969322        0.00000065390390    0.00000000000000    0.00000065390390
     6.33266068        0.00000063287697    0.00000000000000    0.00000063287697
     6.34562739        0.00000061257106    0.00000000000000    0.00000061257106
     6.35859340        0.00000059296022    0.00000000000000    0.00000059296022
     6.37155872        0.00000057401947    0.00000000000000    0.00000057401947
     6.38452340        0.00000055572476    0.00000000000000    0.00000055572476
     6.39748746        0.00000053805294    0.00000000000000    0.00000053805294
     6.41045093        0.00000052098172    0.00000000000000    0.00000052098172
     6.42341385        0.00000050448964    0.00000000000000    0.00000050448964
     6.43637625        0.00000048855606    0.00000000000000    0.00000048855606
     6.44933815        0.00000047316107    0.00000000000000    0.00000047316107
     6.46229958        0.00000045828554    0.00000000000000    0.00000045828554
     6.47526055        0.00000044391102    0.00000000000000    0.00000044391102
     6.48822111        0.00000043001976    0.00000000000000    0.00000043001976
     6.50118125        0.00000041659466    0.00000000000000    0.00000041659466
     6.51414100        0.00000040361926    0.00000000000000    0.00000040361926
     6.52710038        0.00000039107771    0.00000000000000    0.00000039107771
     6.54005939        0.00000037895472    0.00000000000000    0.00000037895472
     6.55301805        0.00000036723559    0.00000000000000    0.00000036723559
     6.56597636        0.00000035590614    0.00000000000000    0.00000035590614
     6.57893434        0.00000034495273    0.00000000000000    0.00000034495273
     6.59189200        0.00000033436218    0.00000000000000    0.00000033436218
     6.60484935        0.00000032412184    0.00000000000000    0.00000032412184
     6.61780639        0.00000031421947    0.00000000000000    0.00000031421947
     6.63076314        0.00000030464332    0.00000000000000    0.00000030464332
     6.64371962        0.00000029538202    0.00000000000000    0.00000029538202
     6.65667584        0.00000028642466    0.00000000000000    0.00000028642466
     6.66963182        0.00000027776068    0.00000000000000    0.00000027776068
     6.68258757        0.00000026937993    0.00000000000000    0.00000026937993
     6.69554312        0.00000026127263    0.00000000000000    0.00000026127263
     6.70849848        0.00000025342932    0.00000000000000    0.00000025342932
     6.72145367        0.00000024584093    0.00000000000000    0.00000024584093
     6.73440870        0.00000023849867    0.00000000000000    0.00000023849867
     6.74736360        0.00000023139409    0.00000000000000    0.00000023139409
     6.76031838        0.00000022451906    0.00000000000000    0.00000022451906
     6.77327306        0.00000021786570    0.00000000000000    0.00000021786570
     6.78622764        0.00000021142646    0.00000000000000    0.00000021142646
     6.79918214        0.00000020519402    0.00000000000000    0.00000020519402
     6.81213656        0.00000019916135    0.00000000000000    0.00000019916135
     6.82509091        0.00000019332165    0.00000000000000    0.00000019332165
     6.83804520        0.00000018766840    0.00000000000000    0.00000018766840
     6.85099942        0.00000018219526    0.00000000000000    0.00000018219526
     6.86395358        0.00000017689615    0.00000000000000    0.00000017689615
     6.87690767        0.00000017176521    0.00000000000000    0.00000017176521
     6.88986169        0.00000016679676    0.00000000000000    0.00000016679676
     6.90281562        0.00000016198535    0.00000000000000    0.00000016198535
     6.91576947        0.00000015732570    0.00000000000000    0.00000015732570
     6.92872322        0.00000015281273    0.00000000000000    0.00000015281273
     6.94167686        0.00000014844153    0.00000000000000    0.00000014844153
     6.95463038        0.00000014420738    0.00000000000000    0.00000014420738
     6.96758377        0.00000014010569    0.00000000000000    0.00000014010569
     6.98053701        0.00000013613207    0.00000000000000    0.00000013613207
     6.99349010        0.00000013228226    0.00000000000000    0.00000013228226
     7.00644301        0.00000012855215    0.00000000000000    0.00000012855215
     7.01939575        0.00000012493778    0.00000000000000    0.00000012493778
     7.03234829        0.00000012143533    0.00000000000000    0.00000012143533
     7.04530064        0.00000011804109    0.00000000000000    0.00000011804109
     7.05825278        0.00000011475150    0.00000000000000    0.00000011475150
     7.07120470        0.00000011156312    0.00000000000000    0.00000011156312
     7.08415639        0.00000010847263    0.00000000000000    0.00000010847263
     7.09710786        0.00000010547682    0.00000000000000    0.00000010547682
     7.11005908        0.00000010257258    0.00000000000000    0.00000010257258
     7.12301005        0.00000009975694    0.00000000000000    0.00000009975694
     7.13596076        0.00000009702699    0.00000000000000    0.00000009702699
     7.14891121        0.00000009437996    0.00000000000000    0.00000009437996
     7.16186138        0.00000009181314    0.00000000000000    0.00000009181314
     7.17481127        0.00000008932393    0.00000000000000    0.00000008932393
     7.18776086        0.00000008690983    0.00000000000000    0.00000008690983
     7.20071015        0.00000008456840    0.00000000000000    0.00000008456840
     7.21365913        0.00000008229730    0.00000000000000    0.00000008229730
     7.22660777        0.00000008009427    0.00000000000000    0.00000008009427
     7.23955608        0.00000007795712    0.00000000000000    0.00000007795712
     7.25250403        0.00000007588373    0.00000000000000    0.00000007588373
     7.26545163        0.00000007387207    0.00000000000000    0.00000007387207
     7.27839885        0.00000007192017    0.00000000000000    0.00000007192017
     7.29134568        0.00000007002610    0.00000000000000    0.00000007002610
     7.30429211        0.00000006818805    0.00000000000000    0.00000006818805
     7.31723813        0.00000006640422    0.00000000000000    0.00000006640422
     7.33018374        0.00000006467289    0.00000000000000    0.00000006467289
     7.34312891        0.00000006299240    0.00000000000000    0.00000006299240
     7.35607364        0.00000006136115    0.00000000000000    0.00000006136115
     7.36901791        0.00000005977758    0.00000000000000    0.00000005977758
     7.38196174        0.00000005824019    0.00000000000000    0.00000005824019
     7.39490509        0.00000005674753    0.00000000000000    0.00000005674753
     7.40784797        0.00000005529819    0.00000000000000    0.00000005529819
     7.42079037        0.00000005389082    0.00000000000000    0.00000005389082
     7.43373229        0.00000005252411    0.00000000000000    0.00000005252411
     7.44667372        0.00000005119679    0.00000000000000    0.00000005119679
     7.45961466        0.00000004990763    0.00000000000000    0.00000004990763
     7.47255509        0.00000004865545    0.00000000000000    0.00000004865545
     7.48549503        0.00000004743909    0.00000000000000    0.00000004743909
     7.49843446        0.00000004625746    0.00000000000000    0.00000004625746
     7.51137339        0.00000004510948    0.00000000000000    0.00000004510948
     7.52431180        0.00000004399410    0.00000000000000    0.00000004399410
     7.53724970        0.00000004291034    0.00000000000000    0.00000004291034
     7.55018708        0.00000004185721    0.00000000000000    0.00000004185721
     7.56312395        0.00000004083378    0.00000000000000    0.00000004083378
     7.57606030        0.00000003983914    0.00000000000000    0.00000003983914
     7.58899613        0.00000003887241    0.00000000000000    0.00000003887241
     7.60193144        0.00000003793275    0.00000000000000    0.00000003793275
     7.61486623        0.00000003701932    0.00000000000000    0.00000003701932
     7.62780049        0.00000003613134    0.00000000000000    0.00000003613134
     7.64073423        0.00000003526803    0.00000000000000    0.00000003526803
     7.65366745        0.00000003442864    0.00000000000000    0.00000003442864
     7.66660015        0.00000003361247    0.00000000000000    0.00000003361247
     7.67953234        0.00000003281880    0.00000000000000    0.00000003281880
     7.69246400        0.00000003204697    0.00000000000000    0.00000003204697
     7.70539516        0.00000003129631    0.00000000000000    0.00000003129631
     7.71832580        0.00000003056620    0.00000000000000    0.00000003056620
     7.73125594        0.00000002985602    0.00000000000000    0.00000002985602
     7.74418558        0.00000002916519    0.00000000000000    0.00000002916519
     7.75711472        0.00000002849311    0.00000000000000    0.00000002849311
     7.77004337        0.00000002783925    0.00000000000000    0.00000002783925
     7.78297153        0.00000002720306    0.00000000000000    0.00000002720306
     7.79589922        0.00000002658401    0.00000000000000    0.00000002658401
     7.80882643        0.00000002598162    0.00000000000000    0.00000002598162
     7.82175318        0.00000002539537    0.00000000000000    0.00000002539537
     7.83467947        0.00000002482481    0.00000000000000    0.00000002482481
     7.84760532        0.00000002426947    0.00000000000000    0.00000002426947
     7.86053072        0.00000002372891    0.00000000000000    0.00000002372891
     7.87345568        0.00000002320269    0.00000000000000    0.00000002320269
     7.88638023        0.00000002269041    0.00000000000000    0.00000002269041
     7.89930436        0.00000002219165    0.00000000000000    0.00000002219165
     7.91222808        0.00000002170603    0.00000000000000    0.00000002170603
     7.92515141        0.00000002123317    0.00000000000000    0.00000002123317
     7.93807435        0.00000002077270    0.00000000000000    0.00000002077270
     7.95099691        0.00000002032426    0.00000000000000    0.00000002032426
     7.96391911        0.00000001988751    0.00000000000000    0.00000001988751
     7.97684095        0.00000001946211    0.00000000000000    0.00000001946211
     7.98976245        0.00000001904774    0.00000000000000    0.00000001904774
     8.00268362        0.00000001864409    0.00000000000000    0.00000001864409
     8.01560446        0.00000001825086    0.00000000000000    0.00000001825086
     8.02852499        0.00000001786773    0.00000000000000    0.00000001786773
     8.04144522        0.00000001749445    0.00000000000000    0.00000001749445
     8.05436516        0.00000001713071    0.00000000000000    0.00000001713071
     8.06728482        0.00000001677626    0.00000000000000    0.00000001677626
     8.08020421        0.00000001643084    0.00000000000000    0.00000001643084
     8.09312335        0.00000001609418    0.00000000000000    0.00000001609418
     8.10604224        0.00000001576606    0.00000000000000    0.00000001576606
     8.11896090        0.00000001544622    0.00000000000000    0.00000001544622
     8.13187933        0.00000001513445    0.00000000000000    0.00000001513445
     8.14479755        0.00000001483051    0.00000000000000    0.00000001483051
     8.15771557        0.00000001453419    0.00000000000000    0.00000001453419
     8.17063339        0.00000001424528    0.00000000000000    0.00000001424528
     8.18355103        0.00000001396357    0.00000000000000    0.00000001396357
     8.19646850        0.00000001368887    0.00000000000000    0.00000001368887
     8.20938580        0.00000001342099    0.00000000000000    0.00000001342099
     8.22230295        0.00000001315973    0.00000000000000    0.00000001315973
     8.23521996        0.00000001290493    0.00000000000000    0.00000001290493
     8.24813683        0.00000001265640    0.00000000000000    0.00000001265640
     8.26105358        0.00000001241397    0.00000000000000    0.00000001241397
     8.27397021        0.00000001217749    0.00000000000000    0.00000001217749
     8.28688674        0.00000001194678    0.00000000000000    0.00000001194678
     8.29980316        0.00000001172169    0.00000000000000    0.00000001172169
     8.31271950        0.00000001150208    0.00000000000000    0.00000001150208
     8.32563576        0.00000001128780    0.00000000000000    0.00000001128780
     8.33855195        0.00000001107869    0.00000000000000    0.00000001107869
     8.35146808        0.00000001087464    0.00000000000000    0.00000001087464
     8.36438415        0.00000001067549    0.00000000000000    0.00000001067549
     8.37730017        0.00000001048113    0.00000000000000    0.00000001048113
     8.39021615        0.00000001029143    0.00000000000000    0.00000001029143
     8.40313210        0.00000001010626    0.00000000000000    0.00000001010626
     8.41604803        0.00000000992550    0.00000000000000    0.00000000992550
     8.42896393        0.00000000974904    0.00000000000000    0.00000000974904
     8.44187983        0.00000000957677    0.00000000000000    0.00000000957677
     8.45479572        0.00000000940857    0.00000000000000    0.00000000940857
     8.46771161        0.00000000924435    0.00000000000000    0.00000000924435
     8.48062751        0.00000000908400    0.00000000000000    0.00000000908400
     8.49354342        0.00000000892742    0.00000000000000    0.00000000892742
     8.50645936        0.00000000877450    0.00000000000000    0.00000000877450
     8.51937533        0.00000000862517    0.00000000000000    0.00000000862517
     8.53229136        0.00000000847932    0.00000000000000    0.00000000847932
     8.54520748        0.00000000833687    0.00000000000000    0.00000000833687
     8.55812368        0.00000000819773    0.00000000000000    0.00000000819773
     8.57103997        0.00000000806181    0.00000000000000    0.00000000806181
     8.58395636        0.00000000792904    0.00000000000000    0.00000000792904
     8.59687285        0.00000000779934    0.00000000000000    0.00000000779934
     8.60978945        0.00000000767262    0.00000000000000    0.00000000767262
     8.62270616        0.00000000754882    0.00000000000000    0.00000000754882
     8.63562300        0.00000000742786    0.00000000000000    0.00000000742786
     8.64853996        0.00000000730967    0.00000000000000    0.00000000730967
     8.66145706        0.00000000719418    0.00000000000000    0.00000000719418
     8.67437430        0.00000000708132    0.00000000000000    0.00000000708132
     8.68729169        0.00000000697103    0.00000000000000    0.00000000697103
     8.70020922        0.00000000686325    0.00000000000000    0.00000000686325
     8.71312692        0.00000000675791    0.00000000000000    0.00000000675791
     8.72604478        0.00000000665496    0.00000000000000    0.00000000665496
     8.73896281        0.00000000655434    0.00000000000000    0.00000000655434
     8.75188101        0.00000000645598    0.00000000000000    0.00000000645598
     8.76479940        0.00000000635984    0.00000000000000    0.00000000635984
     8.77771797        0.00000000626586    0.00000000000000    0.00000000626586
     8.79063674        0.00000000617400    0.00000000000000    0.00000000617400
     8.80355570        0.00000000608419    0.00000000000000    0.00000000608419
     8.81647487        0.00000000599639    0.00000000000000    0.00000000599639
     8.82939425        0.00000000591055    0.00000000000000    0.00000000591055
     8.84231384        0.00000000582663    0.00000000000000    0.00000000582663
     8.85523366        0.00000000574458    0.00000000000000    0.00000000574458
     8.86815370        0.00000000566436    0.00000000000000    0.00000000566436
     8.88107398        0.00000000558592    0.00000000000000    0.00000000558592
     8.89399450        0.00000000550923    0.00000000000000    0.00000000550923
     8.90691526        0.00000000543423    0.00000000000000    0.00000000543423
     8.91983628        0.00000000536090    0.00000000000000    0.00000000536090
     8.93275756        0.00000000528920    0.00000000000000    0.00000000528920
     8.94567910        0.00000000521907    0.00000000000000    0.00000000521907
     8.95860091        0.00000000515050    0.00000000000000    0.00000000515050
     8.97152300        0.00000000508345    0.00000000000000    0.00000000508345
     8.98444537        0.00000000501787    0.00000000000000    0.00000000501787
     8.99736803        0.00000000495375    0.00000000000000    0.00000000495375
     9.01029099        0.00000000489104    0.00000000000000    0.00000000489104
     9.02321426        0.00000000482971    0.00000000000000    0.00000000482971
     9.03613783        0.00000000476973    0.00000000000000    0.00000000476973
     9.04906172        0.00000000471108    0.00000000000000    0.00000000471108
     9.06198594        0.00000000465372    0.00000000000000    0.00000000465372
     9.07491048        0.00000000459762    0.00000000000000    0.00000000459762
     9.08783536        0.00000000454276    0.00000000000000    0.00000000454276
     9.10076059        0.00000000448911    0.00000000000000    0.00000000448911
     9.11368616        0.00000000443665    0.00000000000000    0.00000000443665
     9.12661209        0.00000000438534    0.00000000000000    0.00000000438534
     9.13953838        0.00000000433517    0.00000000000000    0.00000000433517
     9.15246505        0.00000000428611    0.00000000000000    0.00000000428611
     9.16539209        0.00000000423813    0.00000000000000    0.00000000423813
     9.17831951        0.00000000419122    0.00000000000000    0.00000000419122
     9.19124733        0.00000000414535    0.00000000000000    0.00000000414535
     9.20417555        0.00000000410050    0.00000000000000    0.00000000410050
     9.21710417        0.00000000405664    0.00000000000000    0.00000000405664
     9.23003321        0.00000000401377    0.00000000000000    0.00000000401377
     9.24296267        0.00000000397185    0.00000000000000    0.00000000397185
     9.25589256        0.00000000393087    0.00000000000000    0.00000000393087
     9.26882289        0.00000000389081    0.00000000000000    0.00000000389081
     9.28175366        0.00000000385165    0.00000000000000    0.00000000385165
     9.29468489        0.00000000381338    0.00000000000000    0.00000000381338
     9.30761657        0.00000000377597    0.00000000000000    0.00000000377597
     9.32054872        0.00000000373941    0.00000000000000    0.00000000373941
     9.33348135        0.00000000370369    0.00000000000000    0.00000000370369
     9.34641446        0.00000000366878    0.00000000000000    0.00000000366878
     9.35934806        0.00000000363467    0.00000000000000    0.00000000363467
     9.37228216        0.00000000360134    0.00000000000000    0.00000000360134
     9.38521676        0.00000000356879    0.00000000000000    0.00000000356879
     9.39815188        0.00000000353700    0.00000000000000    0.00000000353700
     9.41108752        0.00000000350595    0.00000000000000    0.00000000350595
     9.42402368        0.00000000347562    0.00000000000000    0.00000000347562
     9.43696038        0.00000000344602    0.00000000000000    0.00000000344602
     9.44989763        0.00000000341711    0.00000000000000    0.00000000341711
     9.46283542        0.00000000338890    0.00000000000000    0.00000000338890
     9.47577377        0.00000000336137    0.00000000000000    0.00000000336137
     9.48871268        0.00000000333450    0.00000000000000    0.00000000333450
     9.50165217        0.00000000330829    0.00000000000000    0.00000000330829
     9.51459223        0.00000000328273    0.00000000000000    0.00000000328273
     9.52753288        0.00000000325779    0.00000000000000    0.00000000325779
     9.54047412        0.00000000323349    0.00000000000000    0.00000000323349
     9.55341596        0.00000000320979    0.00000000000000    0.00000000320979
     9.56635841        0.00000000318670    0.00000000000000    0.00000000318670
     9.57930148        0.00000000316420    0.00000000000000    0.00000000316420
     9.59224516        0.00000000314228    0.00000000000000    0.00000000314228
     9.60518947        0.00000000312095    0.00000000000000    0.00000000312095
     9.61813442        0.00000000310017    0.00000000000000    0.00000000310017
     9.63108000        0.00000000307996    0.00000000000000    0.00000000307996
     9.64402623        0.00000000306030    0.00000000000000    0.00000000306030
     9.65697312        0.00000000304118    0.00000000000000    0.00000000304118
     9.66992066        0.00000000302259    0.00000000000000    0.00000000302259
     9.68286888        0.00000000300453    0.00000000000000    0.00000000300453
     9.69581776        0.00000000298699    0.00000000000000    0.00000000298699
     9.70876732        0.00000000296997    0.00000000000000    0.00000000296997
     9.72171756        0.00000000295345    0.00000000000000    0.00000000295345
     9.73466850        0.00000000293743    0.00000000000000    0.00000000293743
     9.74762012        0.00000000292190    0.00000000000000    0.00000000292190
     9.76057245        0.00000000290686    0.00000000000000    0.00000000290686
     9.77352549        0.00000000289230    0.00000000000000    0.00000000289230
     9.78647924        0.00000000287822    0.00000000000000    0.00000000287822
     9.79943371        0.00000000286461    0.00000000000000    0.00000000286461
     9.81238890        0.00000000285147    0.00000000000000    0.00000000285147
     9.82534482        0.00000000283879    0.00000000000000    0.00000000283879
     9.83830148        0.00000000282656    0.00000000000000    0.00000000282656
     9.85125887        0.00000000281478    0.00000000000000    0.00000000281478
     9.86421701        0.00000000280346    0.00000000000000    0.00000000280346
     9.87717590        0.00000000279257    0.00000000000000    0.00000000279257
     9.89013555        0.00000000278212    0.00000000000000    0.00000000278212
     9.90309595        0.00000000277211    0.00000000000000    0.00000000277211
     9.91605712        0.00000000276253    0.00000000000000    0.00000000276253
     9.92901906        0.00000000275338    0.00000000000000    0.00000000275338
     9.94198178        0.00000000274466    0.00000000000000    0.00000000274466
     9.95494527        0.00000000273635    0.00000000000000    0.00000000273635
     9.96790955        0.00000000272847    0.00000000000000    0.00000000272847
     9.98087461        0.00000000272100    0.00000000000000    0.00000000272100
     9.99384047        0.00000000271395    0.00000000000000    0.00000000271395
    10.00000000        0.00000000271074    0.00000000000000    0.00000000271074
