#    time[fs]         Re(autocorrel)     Im(autocorrel)     Abs(autocorrel)
     0.00000000       1.00000000000000   0.00000000000000   1.00000000000000
    0.200000000      -0.25831356873412   0.95497270266934   0.98929205123449
    0.400000000      -0.82460143215191  -0.48338104554005   0.95583720219208
    0.600000000       0.64724203154099  -0.62851595547899   0.90219429929754
    0.800000000       0.39552743291896   0.73241673387871   0.83239186820692
     1.00000000      -0.73450162921526   0.15820611356656   0.75134666944740
     1.20000000       0.05299609151717  -0.66201474399742   0.66413259744276
     1.40000000       0.53396779898812   0.21472633739608   0.57552498671017
     1.60000000      -0.31404737427278   0.37555816272349   0.48956070805965
     1.80000000      -0.21309153750161  -0.34946651944513   0.40931021434591
     2.00000000       0.32956918931648  -0.06933404524956   0.33678340276414
     2.20000000      -0.03998003568945   0.27012309763003   0.27306572675269
     2.40000000      -0.19002979569025  -0.10774816941064   0.21845134758436
     2.60000000       0.13518906978735  -0.10737016417870   0.17263961522701
     2.80000000       0.03628847012349   0.12996329794130   0.13493447252530
     3.00000000      -0.10336683156057  -0.01476705500584   0.10441631951192
     3.20000000       0.04330620128299  -0.06735660294895   0.08007708180488
     3.40000000       0.03207996652110   0.05178550475358   0.06091685115449
     3.60000000      -0.04580004841785   0.00434654763458   0.04600583562350
     3.80000000       0.01281937675824  -0.03204986599114   0.03451855052751
     4.00000000       0.01659102411993   0.01968933726487   0.02574746751193
     4.20000000      -0.01873985796553   0.00370592622794   0.01910277900660
     4.40000000       0.00449681298040  -0.01336777392039   0.01410385431602
     4.60000000       0.00677149001370   0.00784891363470   0.01036622024899
     4.80000000      -0.00748702257772   0.00122854558669   0.00758714909158
     5.00000000       0.00216120177067  -0.00509164162573   0.00553132963567
     5.20000000       0.00223619816045   0.00333798210782   0.00401779874619
     5.40000000      -0.00290855825675  -0.00001238043660   0.00290858460563
     5.60000000       0.00121039102389  -0.00171514205053   0.00209922811629
     5.80000000       0.00048925883517   0.00142972486429   0.00151112123781
     6.00000000      -0.00103251672736  -0.00033484504046   0.00108545474038
     6.20000000       0.00064404423588  -0.00043732448131   0.00077848935749
     6.40000000      -0.00004580200972   0.00055599137208   0.00055787474394
     6.60000000      -0.00028434268716  -0.00028105759031   0.00039980511854
     6.80000000       0.00028606235757  -0.00002134230717   0.00028685739749
     7.00000000      -0.00012684710401   0.00016272965245   0.00020632771889
     7.20000000      -0.00002253652927  -0.00014726326110   0.00014897772727
     7.40000000       0.00008770820333   0.00006332340595   0.00010817847601
     7.60000000      -0.00007819684284   0.00001171025732   0.00007906880773
     7.80000000       0.00003616529392  -0.00004567698728   0.00005826075567
     8.00000000       0.00000281062647   0.00004330075831   0.00004339188048
     8.20000000      -0.00002301280727  -0.00002319559307   0.00003267452886
     8.40000000       0.00002475911213   0.00000246022255   0.00002488104355
     8.60000000      -0.00001607087295   0.00001068488177   0.00001929869570
     8.80000000       0.00000478952950  -0.00001432251715   0.00001510212205
     9.00000000       0.00000384257241   0.00001151478318   0.00001213901126
     9.20000000      -0.00000813033191  -0.00000570344297   0.00000993134224
     9.40000000       0.00000813423398   0.00000000220515   0.00000813423428
     9.60000000      -0.00000571236424   0.00000400538588   0.00000697669128
     9.80000000       0.00000210702464  -0.00000557008941   0.00000595528747
     10.0000000       0.00000108489609   0.00000519341645   0.00000530552297
     10.2000000      -0.00000337898740  -0.00000339358239   0.00000478894114
     10.4000000       0.00000433763762   0.00000099258342   0.00000444975528
     10.6000000      -0.00000393884520   0.00000140746303   0.00000418275671
     10.8000000       0.00000254701585  -0.00000321419489   0.00000410101677
     11.0000000      -0.00000045195582   0.00000400707585   0.00000403248322
     11.2000000      -0.00000178170855  -0.00000376605550   0.00000416625244
     11.4000000       0.00000360542276   0.00000231919488   0.00000428692643
     11.6000000      -0.00000460889689  -0.00000006345615   0.00000460933371
     11.8000000       0.00000427016120  -0.00000266763215   0.00000503493178
     12.0000000      -0.00000240944604   0.00000508259097   0.00000562478099
     12.2000000      -0.00000088015086  -0.00000654786001   0.00000660674929
     12.4000000       0.00000504762933   0.00000573543683   0.00000764027470
     12.6000000      -0.00000896449345  -0.00000230772086   0.00000925676609
     12.8000000       0.00001066882151  -0.00000409918571   0.00001142922027
     13.0000000      -0.00000771831691   0.00001198401524   0.00001425443922
     13.2000000      -0.00000111068350  -0.00001835135958   0.00001838493993
     13.4000000       0.00001585605641   0.00001784883543   0.00002387457751
     13.6000000      -0.00003123423864  -0.00000524697129   0.00003167188614
     13.8000000       0.00003687211154  -0.00002145909356   0.00004266198901
     14.0000000      -0.00001879628910   0.00005518736196   0.00005830047516
     14.2000000      -0.00003202977071  -0.00007418670913   0.00008080577964
     14.4000000       0.00010404815651   0.00004469003710   0.00011323964981
     14.6000000      -0.00014926443504   0.00005839316452   0.00016027985909
     14.8000000       0.00008867217644  -0.00021108424214   0.00022895264173
     15.0000000       0.00013587621297   0.00030038114595   0.00032968345135
     15.2000000      -0.00045659122955  -0.00014159405276   0.00047804228545
     15.4000000       0.00058776478245  -0.00037517691020   0.00069729846798
     15.6000000      -0.00011143414242   0.00101579055483   0.00102188454307
     15.8000000      -0.00108766459246  -0.00103563720130   0.00150185174981
     16.0000000       0.00217053890545  -0.00040593182894   0.00220817114142
     16.2000000      -0.00130070918821   0.00296613287016   0.00323879431205
     16.4000000      -0.00261217123176  -0.00393763670031   0.00472529589843
     16.6000000       0.00683461248571  -0.00026752238486   0.00683984620122
     16.8000000      -0.00455961873362   0.00867698622397   0.00980205146522
     17.0000000      -0.00767839355125  -0.01156822378340   0.01388457882079
     17.2000000       0.01930809954815  -0.00204040513109   0.01941561127702
     17.4000000      -0.00934937925888   0.02509049082145   0.02677580292330
     17.6000000      -0.02531307302776  -0.02613844804425   0.03638640037528
     17.8000000       0.04589479230523  -0.01625300331000   0.04868769944591
     18.0000000      -0.00476507182234   0.06393009842953   0.06410743634463
     18.2000000      -0.07377631767397  -0.03807470760803   0.08302185500798
     18.4000000       0.08061489917465  -0.06838542228424   0.10571342369790
     18.6000000       0.04191393218122   0.12551715756938   0.13233039921042
     18.8000000      -0.16264536866537  -0.00826292656748   0.16285512550655
     19.0000000       0.07982667245224  -0.18019464109228   0.19708476935870
     19.2000000       0.16716971988373   0.16463335889209   0.23462706175140
     19.4000000      -0.24910998509394   0.11627938019238   0.27491212947309
     19.6000000      -0.02657119396666  -0.31610275191571   0.31721755644589
     19.8000000       0.34798677662329   0.09492503870316   0.36070148277691
     20.0000000      -0.23313860278829   0.33048175024540   0.40444010107225
     20.2000000      -0.25634372038456  -0.36675758200720   0.44746310120541
     20.4000000       0.47172053410061  -0.12802213115881   0.48878413267885
     20.6000000      -0.04148286869991   0.52578948352824   0.52742336825786
     20.8000000      -0.51326260385303  -0.22996593887661   0.56242584716333
     21.0000000       0.40947975201001  -0.42875471593236   0.59287795855506
     21.2000000       0.27910614732542   0.55129349274423   0.61791970078399
     21.4000000      -0.63134739766357   0.08287868299598   0.63676401643914
     21.6000000       0.13258940711433  -0.63502950275512   0.64872368559222
     21.8000000       0.56019165407064   0.33601903061802   0.65324075058732
     22.0000000      -0.49790383029258   0.41771379481677   0.64991771679210
     22.2000000      -0.22947758129082  -0.59590400665407   0.63856209209556
     22.4000000       0.61875553746696  -0.02418131914223   0.61922786705823
     22.6000000      -0.16807342644893   0.56790048877448   0.59224964485307
     22.8000000      -0.45656810059932  -0.32125249872113   0.55826301903264
     23.0000000       0.41776922196463  -0.30660760078214   0.51820781900538
     23.2000000       0.14386621077972   0.45091210336921   0.47330667813687
     23.4000000      -0.42495806255759  -0.00682111846205   0.42501280285395
     23.6000000       0.12595262543976  -0.35313997446435   0.37492920054305
     23.8000000       0.25410045191117   0.20215401796724   0.32470492241689
     24.0000000      -0.23303635915292   0.14774365903913   0.27592414441929
     24.2000000      -0.05145613325902  -0.22427021827689   0.23009751075562
     24.4000000       0.18704896505601   0.02277008605621   0.18842980695085
     24.6000000      -0.06939743914800   0.13417305925048   0.15105765253350
     24.8000000      -0.07887040023119  -0.08881455065244   0.11877947819477
     25.0000000       0.08622683600848  -0.03107749919242   0.09165630476998
     25.2000000      -0.00340770681659   0.06937674617598   0.06946038709736
     25.4000000      -0.04635705361152  -0.02300052570604   0.05174940195109
     25.6000000       0.02949256367437  -0.02388100326008   0.03794882908331
     25.8000000       0.00629443491969   0.02669800816892   0.02742997541279
     26.0000000      -0.01901882665665  -0.00462171201178   0.01957232713081
     26.2000000       0.00921130321838  -0.01028763091236   0.01380881808012
     26.4000000       0.00308959397606   0.00914278127888   0.00965070155224
     26.6000000      -0.00654375872147  -0.00141001807391   0.00669394720427
     26.8000000       0.00322803629132  -0.00330093237578   0.00461696576201
     27.0000000       0.00066289885545   0.00310235748484   0.00317238977056
     27.2000000      -0.00200412537271  -0.00084625930117   0.00217547082590
     27.4000000       0.00128114830127  -0.00076332626499   0.00149131081826
     27.6000000      -0.00012269289627   0.00101604397137   0.00102342508204
     27.8000000      -0.00049003426695  -0.00050558102783   0.00070409215199
     28.0000000       0.00048521552279  -0.00003200575134   0.00048626995762
     28.2000000      -0.00020721156146   0.00026651530352   0.00033759004460
     28.4000000      -0.00003773169753  -0.00023292396356   0.00023596028013
     28.6000000       0.00013625319242   0.00009536007327   0.00016630837627
     28.8000000      -0.00011668778939   0.00001971708115   0.00011834189234
     29.0000000       0.00005132734686  -0.00006802687855   0.00008521826530
     29.2000000       0.00000573415937   0.00006181508792   0.00006208047744
     29.4000000      -0.00003322057760  -0.00003158388769   0.00004583828899
     29.6000000       0.00003429458690   0.00000197974321   0.00003435168226
     29.8000000      -0.00002105515934   0.00001545105680   0.00002611618063
     30.0000000       0.00000550696314  -0.00001933715781   0.00002010602683
     30.2000000       0.00000594003313   0.00001463181494   0.00001579158010
     30.4000000      -0.00001070556509  -0.00000650257982   0.00001252568035
     30.6000000       0.00001017850545  -0.00000071840746   0.00001020382685
     30.8000000      -0.00000662531347   0.00000540648893   0.00000855130990
     31.0000000       0.00000209213375  -0.00000680870996   0.00000712288951
     31.2000000       0.00000184649806   0.00000599546373   0.00000627336755
     31.4000000      -0.00000428174864  -0.00000352529620   0.00000554626764
     31.6000000       0.00000504896045   0.00000055311722   0.00000507916728
     31.8000000      -0.00000422816082   0.00000210528718   0.00000472330160
     32.0000000       0.00000229054046  -0.00000384204239   0.00000447301524
     32.2000000       0.00000012920152   0.00000434248375   0.00000434440538
     32.4000000      -0.00000241851147  -0.00000356225464   0.00000430567716
     32.6000000       0.00000404013778   0.00000172495801   0.00000439297091
     32.8000000      -0.00000452523717   0.00000075425561   0.00000458766531
     33.0000000       0.00000365111226  -0.00000328984800   0.00000491464349
     33.2000000      -0.00000137710844   0.00000515564944   0.00000533639848
     33.4000000      -0.00000192091531  -0.00000566581707   0.00000598259130
     33.6000000       0.00000542460754   0.00000412075591   0.00000681226807
     33.8000000      -0.00000802662652  -0.00000034722531   0.00000803413335
     34.0000000       0.00000801431375  -0.00000510892023   0.00000950422489
     34.2000000      -0.00000419191528   0.00001070419552   0.00001149573640
     34.4000000      -0.00000383835474  -0.00001372608595   0.00001425266300
     34.6000000       0.00001420074495   0.00001066867235   0.00001776180528
     34.8000000      -0.00002280312162   0.00000062997124   0.00002281182193
     35.0000000       0.00002214397005  -0.00001934437646   0.00002940340644
     35.2000000      -0.00000555850469   0.00003807563642   0.00003847922898
     35.4000000      -0.00002798659712  -0.00004280940706   0.00005114582046
     35.6000000       0.00006634068089   0.00001674921229   0.00006842237976
     35.8000000      -0.00008052544085   0.00004543977200   0.00009246144875
     36.0000000       0.00003449139764  -0.00012108176757   0.00012589857405
     36.2000000       0.00008564631629   0.00014966846905   0.00017244112653
     36.4000000      -0.00023097146350  -0.00005570905461   0.00023759485625
     36.6000000       0.00027264271676  -0.00018467858315   0.00032930264208
     36.8000000      -0.00005703732377   0.00045486558034   0.00045842769602
     37.0000000      -0.00043363937949  -0.00047130157136   0.00064044381690
     37.2000000       0.00089608932850  -0.00005369575755   0.00089769667429
     37.4000000      -0.00071767730445   0.00103700788650   0.00126112888714
     37.6000000      -0.00055636960830  -0.00168404730589   0.00177357336175
     37.8000000       0.00237633976405   0.00075684816732   0.00249395465528
     38.0000000      -0.00278053881533   0.00212989785111   0.00350255063628
     38.2000000      -0.00030957855175  -0.00489817216038   0.00490794553683
     38.4000000       0.00598516358959   0.00334535494067   0.00685664516168
     38.6000000      -0.00835180629544   0.00462192389440   0.00954540983312
     38.8000000       0.00044013943390  -0.01323036316186   0.01323768227886
     39.0000000       0.01553504959761   0.00962895117091   0.01827715696305
     39.2000000      -0.02189656028627   0.01228718963895   0.02510845239345
     39.4000000      -0.00081993944805  -0.03429066365304   0.03430046522228
     39.6000000       0.04200390754367   0.02009392183590   0.04656279570306
     39.8000000      -0.04910596104192   0.03906945257301   0.06275203211216
     40.0000000      -0.01971147680781  -0.08151492629166   0.08386432809174
     40.2000000       0.10921324398982   0.01985166170828   0.11100279787177
     40.4000000      -0.07954761135310   0.12160358549507   0.14531088905254
     40.6000000      -0.10750795866273  -0.15406037956284   0.18786314627110
     40.8000000       0.23242835459345  -0.05780352785644   0.23950822084360
     41.0000000      -0.03174524561782   0.29899073164534   0.30067127935530
     41.2000000      -0.33574303847525  -0.15816083884518   0.37113102649712
     41.4000000       0.31013271883274  -0.32579865425769   0.44980781052212
     41.6000000       0.25730027064091   0.46861457881802   0.53460551133773
     41.8000000      -0.60928972382254   0.12691102812445   0.62236675410512
     42.0000000       0.05802211290535  -0.70660418049210   0.70898239292307
     42.2000000       0.73863799991516   0.27930998588611   0.78968358418696
     42.4000000      -0.51005096889494   0.69179884593556   0.85949847824673
     42.6000000      -0.56426676258372  -0.71879697066840   0.91381949224056
     42.8000000       0.87500709556109  -0.36731383912976   0.94897675087354
     43.0000000       0.12407199942661   0.95468301236280   0.96271154305733
     43.2000000      -0.94498000639914  -0.13412156411051   0.95445052593289
     43.4000000       0.37311143946949  -0.84677346791426   0.92533099603684
     43.6000000       0.67458810190264   0.56193518790136   0.87797509226079
     43.8000000      -0.67821029428175   0.45389628472558   0.81608274124467
     44.0000000      -0.21636354870075  -0.71176865852299   0.74392728707986
     44.2000000       0.66583388032831   0.00592201339749   0.66586021538739
     44.4000000      -0.18601420104622   0.55558244789360   0.58589516075686
     44.6000000      -0.40452131996778  -0.30633107450784   0.50742115202029
     44.8000000       0.36075202311088  -0.23957143742600   0.43305484157200
     45.0000000       0.08597091626236   0.35433251917366   0.36461285301939
     45.2000000      -0.30091655669054  -0.03693419626030   0.30317471686123
     45.4000000       0.11823847065387  -0.21936165472701   0.24919845807537
     45.6000000       0.12932454003090   0.15603167410697   0.20265912261437
     45.8000000      -0.15610708889886   0.04754706162323   0.16318745746374
     46.0000000       0.01464976876222  -0.12936702521808   0.13019386674710
     46.2000000       0.08868462257123   0.05232663389457   0.10297105853267
     46.4000000      -0.06640255424621   0.04598374774810   0.08077007036881
     46.6000000      -0.01013312016435  -0.06203220847628   0.06285439533327
     46.8000000       0.04646104974012   0.01404141569370   0.04853648625145
     47.0000000      -0.02564311123108   0.02694625106054   0.03719770960459
     47.2000000      -0.00920094073816  -0.02675805793754   0.02829577662932
     47.4000000       0.02109302887967   0.00340083715932   0.02136542910177
     47.6000000      -0.00986056049035   0.01261839072867   0.01601419488345
     47.8000000      -0.00454266178906  -0.01101616384605   0.01191602458929
     48.0000000       0.00871912375973   0.00121698622198   0.00880364552910
     48.2000000      -0.00407430622717   0.00501265494560   0.00645961924856
     48.4000000      -0.00152542470952  -0.00445411096128   0.00470808081917
     48.6000000       0.00330891210179   0.00082515099414   0.00341024536661
     48.8000000      -0.00182034282975   0.00165071639897   0.00245733852931
     49.0000000      -0.00022795545182  -0.00174563662153   0.00176045758325
     49.2000000       0.00110468068236   0.00059602825529   0.00125521675064
     49.4000000      -0.00080951398440   0.00037378662778   0.00089164417457
     49.6000000       0.00014425767645  -0.00061489533693   0.00063159049439
     49.8000000       0.00027286094250   0.00035365496124   0.00044668213033
     50.0000000      -0.00031542329701  -0.00001494472332   0.00031577713827
     50.2000000       0.00015615689395  -0.00015994656706   0.00022353496335
     50.4000000       0.00000777571189   0.00015847803287   0.00015866867554
     50.6000000      -0.00008483302361  -0.00007483757473   0.00011312517176
     50.8000000       0.00008107312803  -0.00000444612253   0.00008119495116
     51.0000000      -0.00004048240016   0.00004240930744   0.00005862912314
     51.2000000       0.00000132550232  -0.00004286494552   0.00004288543471
     51.4000000       0.00001998501148   0.00002467876339   0.00003175597654
     51.6000000      -0.00002310451359  -0.00000494380374   0.00002362752090
     51.8000000       0.00001630095753  -0.00000808504802   0.00001819585716
     52.0000000      -0.00000619651055   0.00001259914079   0.00001404048046
     52.2000000      -0.00000184630845  -0.00001096297841   0.00001111736257
     52.4000000       0.00000643911803   0.00000645305137   0.00000911614573
     52.6000000      -0.00000726338671  -0.00000136638514   0.00000739079122
     52.8000000       0.00000584898732  -0.00000250212162   0.00000636170301
     53.0000000      -0.00000299955403   0.00000456309268   0.00000546069036
     53.2000000       0.00000004063229  -0.00000485900363   0.00000485917351
     53.4000000       0.00000230577326   0.00000372820731   0.00000438361951
     53.6000000      -0.00000361824630  -0.00000182057108   0.00000405045496
     53.8000000       0.00000384195805  -0.00000032158243   0.00000385539323
     54.0000000      -0.00000299374755   0.00000223592038   0.00000373655782
     54.2000000       0.00000135236914  -0.00000348875631   0.00000374170054
     54.4000000       0.00000069226973   0.00000375607918   0.00000381934133
     54.6000000      -0.00000268794344  -0.00000296623424   0.00000400294710
     54.8000000       0.00000406123088   0.00000117848873   0.00000422876247
     55.0000000      -0.00000448300189   0.00000127202639   0.00000465997394
     55.2000000       0.00000352321784  -0.00000390540288   0.00000525977524
     55.4000000      -0.00000102890872   0.00000611411167   0.00000620008182
     55.6000000      -0.00000297331508  -0.00000677808433   0.00000740155590
     55.8000000       0.00000769738497   0.00000479056013   0.00000906637754
     56.0000000      -0.00001133419231   0.00000074156766   0.00001135842586
     56.2000000       0.00001098171361  -0.00000920344658   0.00001432834473
     56.4000000      -0.00000422075169   0.00001808532526   0.00001857131484
     56.6000000      -0.00001032502138  -0.00002205663085   0.00002435366566
     56.8000000       0.00002922406237   0.00001417450333   0.00003248018420
     57.0000000      -0.00004280833001   0.00001085770502   0.00004416381864
     57.2000000       0.00003425521309  -0.00005014812256   0.00006073099555
     57.4000000       0.00001215936570   0.00008376863941   0.00008464653048
     57.6000000      -0.00009410188974  -0.00007311648403   0.00011916872866
     57.8000000       0.00016786106419  -0.00002153903146   0.00016923730897
     58.0000000      -0.00014332112529   0.00019543734892   0.00024235656027
     58.2000000      -0.00006953197262  -0.00034244730757   0.00034943504930
     58.4000000       0.00044149546952   0.00024907744156   0.00050691007240
     58.6000000      -0.00068894271521   0.00026545886939   0.00073831597313
     58.8000000       0.00031446206969  -0.00103073612172   0.00107763785470
     59.0000000       0.00093495486382   0.00126485383071   0.00157289408749
     59.2000000      -0.00228892120982   0.00005515641864   0.00228958566891
     59.4000000       0.00177031031503  -0.00280335866972   0.00331554195307
     59.6000000       0.00204711514401   0.00430220309912   0.00476441307181
     59.8000000      -0.00674876104517  -0.00065556547129   0.00678052665594
     60.0000000       0.00552328242597  -0.00778293817179   0.00954362485342
     60.2000000       0.00579603774596   0.01193712557312   0.01326985382365
     60.4000000      -0.01820397598207  -0.00059051816132   0.01821355136305
     60.6000000       0.01185266137566  -0.02163090362303   0.02466539221733
     60.8000000       0.01900096673199   0.02691037893320   0.03294245332513
     61.0000000      -0.04274715051267   0.00745328648027   0.04339205406880
     61.2000000       0.01431531166724  -0.05450327554667   0.05635188722169
     61.4000000       0.05625304721802   0.04514889146899   0.07213062957018
     61.6000000      -0.08058368004877   0.04236904022167   0.09104320435655
     61.8000000      -0.00925948117247  -0.11295114167212   0.11333004189807
     62.0000000       0.13238787496458   0.04288087382685   0.13915932874871
     62.2000000      -0.10886571823138   0.12875687820592   0.16861221275865
     62.4000000      -0.09419228455069  -0.17833087645034   0.20167817919752
     62.6000000       0.23685989359220  -0.02570174227722   0.23825026494968
     62.8000000      -0.07284566855115   0.26840972401654   0.27811916757624
     63.0000000      -0.25866430663713  -0.19000282530111   0.32094905693968
     63.2000000       0.30772665794547  -0.19859553721410   0.36624565992192
     63.4000000       0.08751774251269   0.40401422361443   0.41338462494061
     63.6000000      -0.45694509798004  -0.06527872108290   0.46158437364604
     63.8000000       0.24101997975999  -0.44930064660820   0.50986439538964
     64.0000000       0.37267347671634   0.41401421869867   0.55703975938214
     64.2000000      -0.55598920564677   0.23014240916999   0.60173875169736
     64.4000000      -0.03675044110927  -0.64138312242500   0.64243513653393
     64.6000000       0.65245246397978   0.18247940524964   0.67749018523780
     64.8000000      -0.39669840664832   0.58307734385037   0.70522961845694
     65.0000000      -0.44035672834741  -0.57474889954808   0.72405134191752
     65.2000000       0.69087210501477  -0.24358805733016   0.73255676036839
     65.4000000       0.02082555260730   0.72939993910527   0.72969718021120
     65.6000000      -0.68744918628024  -0.19627865617922   0.71492076105600
     65.8000000       0.37823576425164  -0.57504305994478   0.68828541619714
     66.0000000       0.41272649296429   0.50283835264497   0.65053021980943
     66.2000000      -0.55861747441155   0.22727924579344   0.60308319350350
     66.4000000      -0.04650604719019  -0.54600629791330   0.54798329334592
     66.6000000       0.47611591570223   0.10574646499141   0.48771782830152
     66.8000000      -0.21332973488020   0.36758172303499   0.42500105752036
     67.0000000      -0.24231103017039  -0.26963899651808   0.36251872197931
     67.2000000       0.27739066210729  -0.12113446080671   0.30268653260305
     67.4000000       0.02027122336437   0.24661727057343   0.24744898593806
     67.6000000      -0.19155702862137  -0.05075241195464   0.19816635065888
     67.8000000       0.08952874258567  -0.12723981483179   0.15558073861311
     68.0000000       0.06654808880140   0.09969484482338   0.11986538369136
     68.2000000      -0.08886882014114   0.01829587102280   0.09073260764335
     68.4000000       0.01345359164777  -0.06621762665452   0.06757050545898
     68.6000000       0.04026418552287   0.02893382183099   0.04958195923486
     68.8000000      -0.03142532816320   0.01736456387061   0.03590375089849
     69.0000000      -0.00104886627248  -0.02567685440494   0.02569826789086
     69.2000000       0.01643756716532   0.00783919280747   0.01821116575585
     69.4000000      -0.01043551190774   0.00741074201613   0.01279917989585
     69.6000000      -0.00077039250525  -0.00890408156153   0.00893734709333
     69.8000000       0.00554364146111   0.00280202215849   0.00621154480189
     70.0000000      -0.00372400174870   0.00215944602371   0.00430481081508
     70.2000000       0.00022193425803  -0.00297165931130   0.00297993521361
     70.4000000       0.00158232908517   0.00132427957148   0.00206336659787
     70.6000000      -0.00139312099606   0.00032600389702   0.00143075667062
     70.8000000       0.00041955138501  -0.00090183174599   0.00099464760732
     71.0000000       0.00030136995100   0.00062511370795   0.00069396757506
     71.2000000      -0.00047041779519  -0.00012386177922   0.00048645106885
     71.4000000       0.00028554933577  -0.00018982290479   0.00034288650942
     71.6000000      -0.00003866616686   0.00024010850378   0.00024320190388
     71.8000000      -0.00010454645549  -0.00013880658229   0.00017377349810
     72.0000000       0.00012391821025   0.00001734799088   0.00012512663833
     72.2000000      -0.00007362319039   0.00005340178922   0.00009095122459
     72.4000000       0.00001285616765  -0.00006544654987   0.00006669731581
     72.6000000       0.00002522171269   0.00004246977634   0.00004939450064
     72.8000000      -0.00003516567113  -0.00001178655757   0.00003708837237
     73.0000000       0.00002624078322  -0.00001035713114   0.00002821079350
     73.2000000      -0.00001096504555   0.00001874795244   0.00002171906869
     73.4000000      -0.00000229909093  -0.00001697992996   0.00001713487206
     73.6000000       0.00000960469987   0.00000969379041   0.00001364623876
     73.8000000      -0.00001098133543  -0.00000179681623   0.00001112736610
     74.0000000       0.00000840282528  -0.00000417732350   0.00000938389601
     74.2000000      -0.00000382518306   0.00000682905564   0.00000782738950
     74.4000000      -0.00000061499270  -0.00000686604212   0.00000689352960
     74.6000000       0.00000385785303   0.00000476745625   0.00000613283532
     74.8000000      -0.00000540707589  -0.00000164067351   0.00000565051141
     75.0000000       0.00000500882497  -0.00000153886051   0.00000523988733
     75.2000000      -0.00000308346628   0.00000385521528   0.00000493664351
     75.4000000       0.00000044834040  -0.00000465404160   0.00000467558684
     75.6000000       0.00000211112854   0.00000406513756   0.00000458063392
     75.8000000      -0.00000401411341  -0.00000228569619   0.00000461925465
     76.0000000       0.00000475618053  -0.00000023884271   0.00000476217378
     76.2000000      -0.00000402260074   0.00000300185534   0.00000501920832
     76.4000000       0.00000178551045  -0.00000500310058   0.00000531216180
     76.6000000       0.00000136633282   0.00000559329441   0.00000575776066
     76.8000000      -0.00000467297356  -0.00000433253112   0.00000637240205
     77.0000000       0.00000726755610   0.00000121436599   0.00000736831436
     77.2000000      -0.00000787766234   0.00000353452032   0.00000863425722
     77.4000000       0.00000533125619  -0.00000897801424   0.00001044160103
     77.6000000       0.00000127344620   0.00001288412008   0.00001294689984
     77.8000000      -0.00001093137478  -0.00001182755764   0.00001610546722
     78.0000000       0.00002033049074   0.00000332153485   0.00002060003513
     78.2000000      -0.00002294086443   0.00001318314093   0.00002645899593
     78.4000000       0.00001187176624  -0.00003237725523   0.00003448514883
     78.6000000       0.00001622330812   0.00004267364241   0.00004565342794
     78.8000000      -0.00005417947518  -0.00002775442884   0.00006087465688
     79.0000000       0.00007890431888  -0.00002246463344   0.00008203993719
     79.2000000      -0.00005589572380   0.00009642244215   0.00011145231846
     79.4000000      -0.00003904061830  -0.00014735393901   0.00015243803075
     79.6000000       0.00018338536861   0.00010283975569   0.00021025272595
     79.8000000      -0.00027860761217   0.00008809042995   0.00029220219953
     80.0000000       0.00016994212707  -0.00037199725585   0.00040897712028
     80.2000000       0.00023849104948   0.00052460307084   0.00057626934902
     80.4000000      -0.00078647960429  -0.00021732474048   0.00081595355921
     80.6000000       0.00094030980762  -0.00067886150127   0.00115975664353
     80.8000000      -0.00004969913130   0.00165207086662   0.00165281824530
     81.0000000      -0.00185588564455  -0.00145465310181   0.00235803459946
     81.2000000       0.00322131284723  -0.00096805180085   0.00336362613096
     81.4000000      -0.00142509090844   0.00457375165530   0.00479062504290
     81.6000000      -0.00435627639884  -0.00522893150180   0.00680579669941
     81.8000000       0.00954379221505  -0.00134505363069   0.00963810868964
     82.0000000      -0.00523348141498   0.01254951386245   0.01359704474894
     82.2000000      -0.01171122547685  -0.01508242187173   0.01909534633586
     82.4000000       0.02630883011334  -0.00437073118078   0.02666941755996
     82.6000000      -0.01131691261433   0.03522311381341   0.03699648980421
     82.8000000      -0.03667957207086  -0.03529291193375   0.05090167620094
     83.0000000       0.06466617925920  -0.02504857195835   0.06934800427651
     83.2000000      -0.00427338434332   0.09329797192625   0.09339578887347
     83.4000000      -0.11220138911803  -0.05309106445878   0.12412821131951
     83.6000000       0.11882377350375  -0.11089465266809   0.16253219108856
     83.8000000       0.07961005737513   0.19361322030616   0.20934144432624
     84.0000000      -0.26457943063091   0.01196352168827   0.26484977055713
     84.2000000       0.09252363403622  -0.31542211540967   0.32871223546558
     84.4000000       0.32926190553371   0.22673558958983   0.39977797590954
     84.6000000      -0.37571190336023   0.29225308091396   0.47599506051037
     84.8000000      -0.19721794590658  -0.51816986547955   0.55443207670436
     85.0000000       0.62970063889371  -0.04641842701738   0.63140918982060
     85.2000000      -0.14696690214105   0.68722000221277   0.70275927725379
     85.4000000      -0.67380359562007  -0.36126554004697   0.76454174241566
     85.6000000       0.56752357398900  -0.58304397968364   0.81364813603829
     85.8000000       0.42005366993235   0.73548854373328   0.84698788868941
     86.0000000      -0.83880194568444   0.20265330147989   0.86293514512082
     86.2000000       0.04150484049147  -0.86016979698653   0.86117055885119
     86.4000000       0.79485733158175   0.27959546472060   0.84259824439741
     86.6000000      -0.47941923250212   0.65182276846282   0.80914505620405
     86.8000000      -0.45217364493262  -0.61514479797087   0.76345538680546
     87.0000000       0.67180008441355  -0.22526768146542   0.70856254609658
     87.2000000       0.00328053745566   0.64756309345427   0.64757140295883
     87.4000000      -0.55343277782921  -0.18457428395426   0.58339995361072
     87.6000000       0.31699337921772  -0.41044386709962   0.51860290252519
     87.8000000       0.24512229582347   0.38365072603380   0.45527224766730
     88.0000000      -0.38591311746025   0.08428056378453   0.39500904756692
     88.2000000       0.04977089408861  -0.33526779567800   0.33894193708830
     88.4000000       0.24994871178460   0.14262551009113   0.28777837766506
     88.6000000      -0.18921888067879   0.15066353417074   0.24187452394610
     88.8000000      -0.05642123065015  -0.19323783599740   0.20130627543382
     89.0000000       0.16488359412691   0.01866636761873   0.16593683404321
     89.2000000      -0.06707398512093   0.11771550320638   0.13548379672542
     89.4000000      -0.06537402242307  -0.08792917912733   0.10956871519635
     89.6000000       0.08569442052038  -0.01892070636428   0.08775834340761
     89.8000000      -0.01473656431255   0.06802344675802   0.06960140542100
     90.0000000      -0.04340650215350  -0.03320147794702   0.05464853673309
     90.2000000       0.03788660158143  -0.01918723032399   0.04246815732870
     90.4000000       0.00031726080755   0.03265701928606   0.03265856033370
     90.6000000      -0.02226313887355  -0.01103457038720   0.02484771812728
     90.8000000       0.01512110631930  -0.01100556551552   0.01870214770116
     91.0000000       0.00187420565831   0.01379968044335   0.01392637164477
     91.2000000      -0.00955500234998  -0.00373881335793   0.01026044810101
     91.4000000       0.00584255832025  -0.00467535947299   0.00748294553816
     91.6000000       0.00073116126668   0.00535511538545   0.00540479949576
     91.8000000      -0.00353161512171  -0.00158043076569   0.00386911705341
     92.0000000       0.00230575031619  -0.00149470596882   0.00274784105324
     92.2000000      -0.00003703761544   0.00193747100579   0.00193782498778
     92.4000000      -0.00109472549915  -0.00080422730802   0.00135838340739
     92.6000000       0.00090484293088  -0.00028140456311   0.00094759129255
     92.8000000      -0.00022971816320   0.00061724299657   0.00065860409300
     93.0000000      -0.00023220330414  -0.00039302723734   0.00045649620343
     93.2000000       0.00031127164911   0.00005380097870   0.00031588698113
     93.4000000      -0.00017137942322   0.00013575658809   0.00021863384439
     93.6000000       0.00001297994799  -0.00015114690954   0.00015170322117
     93.8000000       0.00006812563407   0.00008104748033   0.00010587632447
     94.0000000      -0.00007401537438  -0.00000825805234   0.00007447463376
     94.2000000       0.00004310444745  -0.00003037548056   0.00005273199417
     94.4000000      -0.00000958698750   0.00003698564099   0.00003820795687
     94.6000000      -0.00001189961163  -0.00002587452577   0.00002847967417
     94.8000000       0.00001835444696   0.00001047449282   0.00002113292983
     95.0000000      -0.00001647077510   0.00000239245180   0.00001664362514
     95.2000000       0.00000922086793  -0.00000914826678   0.00001298904116
     95.4000000      -0.00000190406493   0.00001032767699   0.00001050173202
     95.6000000      -0.00000364059967  -0.00000820573199   0.00000897708212
     95.8000000       0.00000608873442   0.00000406157431   0.00000731908960
     96.0000000      -0.00000656404078   0.00000013926028   0.00000656551786
     96.2000000       0.00000464667366  -0.00000343979567   0.00000578132946
     96.4000000      -0.00000169451273   0.00000501240143   0.00000529108131
     96.6000000      -0.00000118198406  -0.00000462308379   0.00000477179107
     96.8000000       0.00000318994781   0.00000309360208   0.00000444366300
     97.0000000      -0.00000417718519  -0.00000082704743   0.00000425827236
     97.2000000       0.00000388093516  -0.00000171845407   0.00000424437771
     97.4000000      -0.00000222111752   0.00000362955264   0.00000425523389
     97.6000000      -0.00000011777167  -0.00000424208599   0.00000424372050
     97.8000000       0.00000222613912   0.00000347888194   0.00000413017129
     98.0000000      -0.00000377369617  -0.00000190809245   0.00000422866404
     98.2000000       0.00000462801744  -0.00000023164407   0.00000463381100
     98.4000000      -0.00000438364162   0.00000296888167   0.00000529439064
     98.6000000       0.00000261586358  -0.00000589760448   0.00000645170372
     98.8000000       0.00000136080434   0.00000768531570   0.00000780486168
     99.0000000      -0.00000692407162  -0.00000663377702   0.00000958904403
     99.2000000       0.00001191541153   0.00000167403803   0.00001203243264
     99.4000000      -0.00001307293895   0.00000711024152   0.00001488144036
     99.6000000       0.00000798954438  -0.00001736822242   0.00001911773965
     99.8000000       0.00000586002129   0.00002424344180   0.00002494161822
     100.000000      -0.00002640964836  -0.00002017794418   0.00003323580836
     100.200000       0.00004502736450  -0.00000211456986   0.00004507698925
     100.400000      -0.00004450247602   0.00004333448882   0.00006211560427
     100.600000       0.00000458139678  -0.00008641466173   0.00008653602116
     100.800000       0.00007987923961   0.00009190331941   0.00012176581228
     101.000000      -0.00017237695942  -0.00001093338768   0.00017272334846
     101.200000       0.00018044810144  -0.00016860581792   0.00024696039996
     101.400000       0.00000704709238   0.00035543550316   0.00035550535638
     101.600000      -0.00039783727880  -0.00032571837860   0.00051416627910
     101.800000       0.00072935436888  -0.00015127300846   0.00074487671362
     102.000000      -0.00046929973309   0.00097053907818   0.00107804839490
     102.200000      -0.00073151447531  -0.00137158130015   0.00155446090029
     102.400000       0.00221372475727   0.00026027185424   0.00222897257477
     102.600000      -0.00204938271192   0.00242230177838   0.00317293482527
     102.800000      -0.00133915632089  -0.00427245787213   0.00447741397694
     103.000000       0.00607410575478   0.00150267503241   0.00625721926844
     103.200000      -0.00603572815617   0.00620183814089   0.00865406324803
     103.400000      -0.00333163779156  -0.01136316984795   0.01184151339008
     103.600000       0.01566243279729   0.00340869250847   0.01602906690194
     103.800000      -0.01383641839957   0.01640788402500   0.02146311096523
     104.000000      -0.01097314037656  -0.02622423160603   0.02842745386155
     104.200000       0.03716167841525   0.00246011836194   0.03724301981570
     104.400000      -0.02388506506487   0.04193458447542   0.04825977318927
     104.600000      -0.03551065033491  -0.05064761096829   0.06185617822016
     104.800000       0.07717294804255  -0.01398850488094   0.07843049265677
     105.000000      -0.02377137970315   0.09547034816968   0.09838529296918
     105.200000      -0.09655201376932  -0.07478071211238   0.12212471603630
     105.400000       0.13132383136959  -0.07256052174815   0.15003658887735
     105.600000       0.01921819231280   0.18145539675507   0.18247027135210
     105.800000      -0.21079194173486  -0.06200270710434   0.21972159290479
     106.000000       0.16268377983820  -0.20535646049050   0.26198719069380
     106.200000       0.15496657350765   0.26768513375639   0.30930562513293
     106.400000      -0.35707022308627   0.05643630986322   0.36150269886386
     106.600000       0.08429390389659  -0.40953180285822   0.41811692119123
     106.800000       0.40670489466082   0.25176200308726   0.47832308907221
     107.000000      -0.42266940371945   0.33747343539220   0.54086758493736
     107.200000      -0.20125350389694  -0.56951542088571   0.60402879687762
     107.400000       0.66554686886600  -0.00938108853241   0.66561298025158
     107.600000      -0.21587252057776   0.69002397304681   0.72300347752961
     107.800000      -0.63266947121249  -0.44464254310269   0.77329014667272
     108.000000       0.64457119135546  -0.49623916833055   0.81346501640254
     108.200000       0.29658661717570   0.78664497436249   0.84069848172665
     108.400000      -0.85052338837256   0.06010997352509   0.85264485167385
     108.600000       0.18090691085553  -0.82823229799893   0.84775942922734
     108.800000       0.72542903566393   0.39408568173469   0.82556090649484
     109.000000      -0.55265282847440   0.56001232917612   0.78679028822808
     109.200000      -0.35847077209487  -0.63992416756178   0.73348771951269
     109.400000       0.65151266458663  -0.15040559867948   0.66864833524873
     109.600000      -0.03604465024871   0.59510981174649   0.59620038984262
     109.800000      -0.48719062756752  -0.18007257198822   0.51940431146851
     110.000000       0.26974212211102  -0.35080226326535   0.44251897174364
     110.200000       0.20953658877587   0.30365790314114   0.36893590795137
     110.400000      -0.28941997596585   0.08357705337986   0.30124582377144
     110.600000       0.01326263213132  -0.24078187463116   0.24114686098299
     110.800000       0.17407115959906   0.07481845471490   0.18946917894498
     111.000000      -0.10215586716142   0.10473381769046   0.14630445571998
     111.200000      -0.04469242306009  -0.10180952769861   0.11118719624667
     111.400000       0.08328275950152  -0.00093938514800   0.08328805721497
     111.600000      -0.02455283768686   0.05647998420715   0.06158595988143
     111.800000      -0.02967839795507  -0.03384890781443   0.04501728407411
     112.000000       0.03149246933171  -0.00834325565203   0.03257891249695
     112.200000      -0.00515395360383   0.02280155451132   0.02337678604691
     112.400000      -0.01247317463485  -0.01103582140617   0.01665441201545
     112.600000       0.01118494201521  -0.00374970435524   0.01179674576464
     112.800000      -0.00182002212775   0.00811799764341   0.00831951719055
     113.000000      -0.00413638457606  -0.00413663081881   0.00584990528917
     113.200000       0.00402563330154  -0.00081613377252   0.00410752940502
     113.400000      -0.00113699879625   0.00264953673665   0.00288319461389
     113.600000      -0.00104227193429  -0.00173584891333   0.00202472275508
     113.800000       0.00141611990401   0.00014537110722   0.00142356185020
     114.000000      -0.00069359779820   0.00072447860496   0.00100296916937
     114.200000      -0.00009014760213  -0.00070204822625   0.00070781233541
     114.400000       0.00042153025708   0.00027012158827   0.00050065300367
     114.600000      -0.00034073207096   0.00009968579983   0.00035501493330
     114.800000       0.00010976415014  -0.00022714670863   0.00025227722033
     115.000000       0.00006429751717   0.00016810328983   0.00017998023994
     115.200000      -0.00011778848124  -0.00005132909557   0.00012848658438
     115.400000       0.00008667149571  -0.00003290407262   0.00009270720665
     115.600000      -0.00002967300918   0.00006060362430   0.00006747804645
     115.800000      -0.00001322354203  -0.00004775694264   0.00004955388617
     116.000000       0.00003047835431   0.00002098528901   0.00003700422187
     116.200000      -0.00002769211072   0.00000261865645   0.00002781564951
     116.400000       0.00001576476649  -0.00001453861661   0.00002144526138
     116.600000      -0.00000348727092   0.00001728310147   0.00001763141103
     116.800000      -0.00000558249457  -0.00001247876854   0.00001367054900
     117.000000       0.00000937515741   0.00000538951858   0.00001081390248
     117.200000      -0.00000925423352   0.00000082673231   0.00000929108844
     117.400000       0.00000615507704  -0.00000499788694   0.00000792867248
     117.600000      -0.00000244687813   0.00000714546489   0.00000755280618
     117.800000      -0.00000195928613  -0.00000664346589   0.00000692635843
     118.000000       0.00000501540420   0.00000398530055   0.00000640600498
     118.200000      -0.00000613919884  -0.00000011224392   0.00000614022484
     118.400000       0.00000520286901  -0.00000320375536   0.00000611014684
     118.600000      -0.00000267163418   0.00000532466429   0.00000595732146
     118.800000      -0.00000076830112  -0.00000574385541   0.00000579501178
     119.000000       0.00000395213756   0.00000453502390   0.00000601546616
     119.200000      -0.00000626986171  -0.00000122412165   0.00000638824230
     119.400000       0.00000625490166  -0.00000311456126   0.00000698743778
     119.600000      -0.00000330324365   0.00000669444332   0.00000746505124
     119.800000      -0.00000165090063  -0.00000748980350   0.00000766959121
     120.000000       0.00000634749023   0.00000522707142   0.00000822270684
     120.200000      -0.00000884509938  -0.00000023439960   0.00000884820469
     120.400000       0.00000787621331  -0.00000509472801   0.00000938035126
     120.600000      -0.00000328427768   0.00000937250145   0.00000993127703
     120.800000      -0.00000306327317  -0.00001038689034   0.00001082917972
     121.000000       0.00000901832266   0.00000765781603   0.00001183098854
     121.200000      -0.00001360885636  -0.00000246080735   0.00001382955329
     121.400000       0.00001620176876  -0.00000623641571   0.00001736059307
     121.600000      -0.00001359675854   0.00001941138464   0.00002369965604
     121.800000      -0.00000144892480  -0.00003390566295   0.00003393660800
     122.000000       0.00003244164461   0.00003547814734   0.00004807451761
     122.200000      -0.00006750878452  -0.00000680705421   0.00006785110150
     122.400000       0.00007607587433  -0.00005876643451   0.00009613028909
     122.600000      -0.00001767942167   0.00013520680410   0.00013635777142
     122.800000      -0.00012141081923  -0.00015113449893   0.00019386135198
     123.000000       0.00027555657891   0.00001896782933   0.00027620862899
     123.200000      -0.00028204958892   0.00027557882547   0.00039432937965
     123.400000      -0.00003507171848  -0.00056242273291   0.00056351517809
     123.600000       0.00065227614513   0.00047605232977   0.00080752089148
     123.800000      -0.00112075099180   0.00030657662583   0.00116192599297
     124.000000       0.00063168976312  -0.00155490615280   0.00167832210879
     124.200000       0.00127635673289   0.00206571021841   0.00242821852725
     124.400000      -0.00350813182996  -0.00019413405447   0.00351349924825
     124.600000       0.00303849080666  -0.00406699871759   0.00507670217278
     124.800000       0.00260945377984   0.00683138288290   0.00731279981416
     125.000000      -0.01032328692458  -0.00185096501891   0.01048791325424
     125.200000       0.00960995986320  -0.01146288057433   0.01495824052600
     125.400000       0.00775310652108   0.01971882925926   0.02118827241856
     125.600000      -0.02960333548427  -0.00303570873326   0.02975857858345
     125.800000       0.02189368929313  -0.03510782803995   0.04137503136611
     126.000000       0.03108290971022   0.04759439123975   0.05684517001062
     126.200000      -0.07600758297064   0.01256349368819   0.07703891252278
     126.400000       0.02365125460833  -0.10006037011106   0.10281760311984
     126.600000       0.11055192700405   0.07736479109539   0.13493346310513
     126.800000      -0.14376149857989   0.09784755759937   0.17390087119419
     127.000000      -0.05422806444769  -0.21306792807442   0.21986046699593
     127.200000       0.27142480521968   0.02359896045126   0.27244877651207
     127.400000      -0.13244282014003   0.30302443848028   0.33070366028052
     127.600000      -0.29325021707471  -0.26169091315781   0.39303666984613
     127.800000       0.39393857192079  -0.23220277451221   0.45728079659894
     128.000000       0.11781774730306   0.50733150752387   0.52083229556740
     128.200000      -0.57932350498847  -0.04225669167111   0.58086259254932
     128.400000       0.23065809238564  -0.59117947904479   0.63458358947159
     128.600000       0.53224540188698   0.42243210463090   0.67951015507696
     128.800000      -0.58902287687299   0.40298420021935   0.71368355389918
     129.000000      -0.21597765201801  -0.70342159986664   0.73583170177029
     129.200000       0.74540319509839   0.00552396321708   0.74542366304842
     129.400000      -0.23130896569279   0.70571027493263   0.74265121676017
     129.600000      -0.58820821737259  -0.42950443600802   0.72832888692898
     129.800000       0.57236897294175  -0.40948159105058   0.70376232820158
     130.000000       0.19589009262626   0.64133277883450   0.67058233021510
     130.200000      -0.63023453380099  -0.02129659712587   0.63059425357713
     130.400000       0.21164425156604  -0.54605312065588   0.58563410061145
     130.600000       0.40706075999854   0.35095331464768   0.53746320003586
     130.800000      -0.42518552655672   0.23885682609131   0.48768362220166
     131.000000      -0.06922023231567  -0.43217798290528   0.43768624546576
     131.200000       0.38091223571161   0.07705993099590   0.38862882584789
     131.400000      -0.18230940072242   0.28868518664725   0.34143206437200
     131.600000      -0.17695724091577  -0.23827727975569   0.29679947297846
     131.800000       0.24632600975293  -0.06686106931956   0.25523891880227
     132.000000      -0.02462754047921   0.21568600579865   0.21708746819527
     132.200000      -0.16040734037857  -0.08712323829631   0.18254033389517
     132.400000       0.11756272255442  -0.09584076402018   0.15167875850751
     132.600000       0.03546010846220   0.11932768555583   0.12448500243910
     132.800000      -0.10022278322696  -0.01134203962794   0.10086252099110
     133.000000       0.04017047121484  -0.06992480563077   0.08064208082709
     133.200000       0.03760033364906   0.05129636303601   0.06360111595910
     133.400000      -0.04841900596686   0.01016621545693   0.04947476200585
     133.600000       0.00875504370198  -0.03698884477235   0.03801085934067
     133.800000       0.02246671230016   0.01806815722211   0.02883073823163
     134.000000      -0.01952146191300   0.00900771260953   0.02149945026452
     134.200000       0.00069686339442  -0.01580067964363   0.01581603919416
     134.400000       0.00986921010504   0.00587476585796   0.01148538993605
     134.600000      -0.00713843682389   0.00411733665796   0.00824073670516
     134.800000       0.00003995651025  -0.00584895127709   0.00584908775490
     135.000000       0.00349083455336   0.00217485181181   0.00411289512172
     135.200000      -0.00259317889408   0.00122772298097   0.00286912538846
     135.400000       0.00029906250827  -0.00196633563463   0.00198894801638
     135.600000       0.00098827817405   0.00095160257663   0.00137194796299
     135.800000      -0.00092981394462   0.00015572917523   0.00094276484217
     136.000000       0.00030733071469  -0.00056768693766   0.00064553902080
     136.200000       0.00016705656326   0.00040841408146   0.00044125951238
     136.400000      -0.00028599559181  -0.00009593953367   0.00030165853652
     136.600000       0.00018026045670  -0.00010002237494   0.00020615117690
     136.800000      -0.00003669606616   0.00013652478096   0.00014137049582
     137.000000      -0.00004725732847  -0.00008568400263   0.00009785194633
     137.200000       0.00006537958961   0.00002138778976   0.00006878901284
     137.400000      -0.00004468545778   0.00001814056845   0.00004822727818
     137.600000       0.00001652721299  -0.00003061418354   0.00003479047288
     137.800000       0.00000482359679   0.00002665412769   0.00002708707457
     138.000000      -0.00001396126174  -0.00001346190753   0.00001939432350
     138.200000       0.00001613161619   0.00000222072017   0.00001628375384
     138.400000      -0.00001105159339   0.00000639075920   0.00001276634323
     138.600000       0.00000369752536  -0.00000945483831   0.00001015212595
     138.800000       0.00000178576520   0.00000846981728   0.00000865602462
     139.000000      -0.00000569637916  -0.00000442800927   0.00000721498452
     139.200000       0.00000659794387   0.00000062812321   0.00000662777505
     139.400000      -0.00000473908629   0.00000289486247   0.00000555330240
     139.600000       0.00000240077026  -0.00000416269708   0.00000480538707
     139.800000       0.00000011273512   0.00000440753262   0.00000440897415
     140.000000      -0.00000246688679  -0.00000317380724   0.00000401977398
     140.200000       0.00000344844616   0.00000147621886   0.00000375113357
     140.400000      -0.00000349786917   0.00000019848142   0.00000350349591
     140.600000       0.00000287686239  -0.00000190823495   0.00000345220188
     140.800000      -0.00000176757274   0.00000336289875   0.00000379913166
     141.000000      -0.00000025789289  -0.00000464791984   0.00000465506902
     141.200000       0.00000325938237   0.00000460219418   0.00000563948266
     141.400000      -0.00000557620970  -0.00000204338198   0.00000593881508
     141.600000       0.00000640543379  -0.00000140326383   0.00000655734179
     141.800000      -0.00000543261126   0.00000534337052   0.00000762003108
     142.000000       0.00000193681002  -0.00000942380121   0.00000962077244
     142.200000       0.00000516674179   0.00001051469100   0.00001171554299
     142.400000      -0.00001376547977  -0.00000629786791   0.00001513775326
     142.600000       0.00001838667363  -0.00000469611667   0.00001897691437
     142.800000      -0.00001386114786   0.00001939655286   0.00002384025341
     143.000000      -0.00000299378025  -0.00002971939934   0.00002986980779
     143.200000       0.00002761909113   0.00002605377915   0.00003796858705
     143.400000      -0.00004890655712  -0.00000205137213   0.00004894956034
     143.600000       0.00004974694957  -0.00004018771324   0.00006395163241
     143.800000      -0.00001441649573   0.00008451974125   0.00008574043392
     144.000000      -0.00006486373919  -0.00009941827980   0.00011870677749
     144.200000       0.00016317445675   0.00003641577760   0.00016718855282
     144.400000      -0.00019951988351   0.00013223645967   0.00023936304055
     144.600000       0.00005222576107  -0.00034121834416   0.00034519195893
     144.800000       0.00032505794847   0.00037620582453   0.00049718557126
     145.000000      -0.00071341502896   0.00002404321394   0.00071382006114
     145.200000       0.00059488495068  -0.00083060046586   0.00102165808294
     145.400000       0.00045091803684   0.00138300584678   0.00145465880817
     145.600000      -0.00196695712020  -0.00060565307125   0.00205809036619
     145.800000       0.00225494546015  -0.00181235841520   0.00289299534279
     146.000000       0.00040112049311   0.00401659499403   0.00403657441354
     146.200000      -0.00500900805235  -0.00248219980806   0.00559030209878
     146.400000       0.00648128767350  -0.00412195384100   0.00768098908826
     146.600000       0.00038097185316   0.01045741568720   0.01046435293784
     146.800000      -0.01253611859683  -0.00653006247462   0.01413492077786
     147.000000       0.01576735575013  -0.01047912963348   0.01893202749909
     147.200000       0.00237942136564   0.02503183596013   0.02514467055998
     147.400000      -0.03069085668657  -0.01244744554948   0.03311899130201
     147.600000       0.03261778349910  -0.02841676075870   0.04326005192336
     147.800000       0.01434072554814   0.05417104279430   0.05603711526005
     148.000000      -0.07072371341878  -0.01348392662731   0.07199763827400
     148.200000       0.05369458292581  -0.07440553956277   0.09175670304236
     148.400000       0.05759017681328   0.10068754333684   0.11599400781331
     148.600000      -0.14465721692498   0.01513122241449   0.14544643103300
     148.800000       0.05345474287484  -0.17276785068657   0.18084838889709
     149.000000       0.17147080298035   0.14237791178620   0.22287598802771
     149.200000      -0.23920756703486   0.12961460825517   0.27206654847643
     149.400000      -0.04169525235992  -0.32605192111715   0.32870708744039
     149.600000       0.38234191161678   0.08958589514433   0.39269704606425
     149.800000      -0.25217713617833   0.38875427960016   0.46338234528145
     150.000000      -0.33156104042971  -0.42548479239753   0.53941638100117
     150.200000       0.58321100608003  -0.20638642361255   0.61865211020771
     150.400000       0.02042627186365   0.69781172765807   0.69811062149160
     150.600000      -0.74572530103371  -0.20753767056005   0.77406595927176
     150.800000       0.44953635190580  -0.71226837116804   0.84226430783404
     151.000000       0.59510004379990   0.67287976038660   0.89828237991657
     151.200000      -0.84586481116950   0.40540649491793   0.93799877659646
     151.400000      -0.16642636215094  -0.94354756069504   0.95811258905849
     151.600000       0.95233247460075   0.09043270434518   0.95661654605927
     151.800000      -0.33111934502492   0.87241036274743   0.93313442851436
     152.000000      -0.71751841652849  -0.52493058526429   0.88903588083017
     152.200000       0.64973372184292  -0.51211964965940   0.82729707171434
     152.400000       0.28665040599137   0.69535054554549   0.75211756823347
     152.600000      -0.66449587676696   0.07189021991731   0.66837337915274
     152.800000       0.10633134922283  -0.57120757357795   0.58102017859999
     153.000000       0.43727132563420   0.23104188179309   0.49455693642328
     153.200000      -0.29596028932854   0.28754149817680   0.41264101351320
     153.400000      -0.14522082702689  -0.30509265795049   0.33789143010391
     153.600000       0.27042177776265  -0.02807789828370   0.27187553450126
     153.800000      -0.05374028697055   0.20841012325352   0.21522731684948
     154.000000      -0.13621467898939  -0.09807288572027   0.16784734041886
     154.200000       0.10949039401279  -0.06842999120545   0.12911549123732
     154.400000       0.01497789049442   0.09694599697503   0.09809619530412
     154.600000      -0.07104385086120  -0.01963094490495   0.07370619202652
     154.800000       0.03576092913440  -0.04157714109645   0.05484070308001
     155.000000       0.01581700286997   0.03723793124846   0.04045789296854
     155.200000      -0.02954253149806  -0.00222591133136   0.02962626956890
     155.400000       0.01163510752240  -0.01814744120221   0.02155702551943
     155.600000       0.00731032234049   0.01378136524162   0.01560021924990
     155.800000      -0.01122807244593  -0.00048617314618   0.01123859311386
     156.000000       0.00450347989485  -0.00669292997374   0.00806700953245
     156.200000       0.00231080898331   0.00529274706201   0.00577520645690
     156.400000      -0.00406566354363  -0.00070977235951   0.00412715360174
     156.600000       0.00206135885460  -0.00210593819098   0.00294689259928
     156.800000       0.00037076406500   0.00207029012750   0.00210322780600
     157.000000      -0.00134633713012  -0.00066363762599   0.00150101251379
     157.200000       0.00095947350005  -0.00047700909721   0.00107150691837
     157.400000      -0.00015660140726   0.00074875694150   0.00076495814147
     157.600000      -0.00034337702583  -0.00042376342101   0.00054542022226
     157.800000       0.00038851458486   0.00000828774179   0.00038860297131
     158.000000      -0.00018751220046   0.00020506031488   0.00027786787879
     158.200000      -0.00001840185542  -0.00019658895494   0.00019744833625
     158.400000       0.00010979111474   0.00008679906064   0.00013995772863
     158.600000      -0.00009889123253   0.00001108773639   0.00009951087262
     158.800000       0.00004632390097  -0.00005462061828   0.00007161924143
     159.000000       0.00000113915870   0.00005194003817   0.00005195252878
     159.200000      -0.00002523334477  -0.00002917842339   0.00003857592617
     159.400000       0.00002893034483   0.00000609535851   0.00002956549082
     159.600000      -0.00001943111355   0.00001006516753   0.00002188323037
     159.800000       0.00000866771832  -0.00001630944610   0.00001846963381
     160.000000       0.00000241634769   0.00001523137359   0.00001542185066
     160.200000      -0.00000904012112  -0.00000927524495   0.00001295198667
     160.400000       0.00001094553238   0.00000255093670   0.00001123885925
     160.600000      -0.00000936175062   0.00000517895097   0.00001069878067
     160.800000       0.00000464426611  -0.00000889387251   0.00001003345284
     161.000000       0.00000228247983   0.00000951155534   0.00000978158470
     161.200000      -0.00000720203034  -0.00000533195849   0.00000896097218
     161.400000       0.00000835863758  -0.00000097984173   0.00000841587262
     161.600000      -0.00000517211658   0.00000591017504   0.00000785372262
     161.800000      -0.00000031037799  -0.00000688453775   0.00000689153064
     162.000000       0.00000425133839   0.00000396377248   0.00000581251841
     162.200000      -0.00000459517473  -0.00000001279369   0.00000459519254
     162.400000       0.00000245215701  -0.00000214125186   0.00000325546211
     162.600000      -0.00000057227926   0.00000131134870   0.00000143078264
     162.800000       0.00000143369853   0.00000020438583   0.00000144819372
     163.000000      -0.00000336023939   0.00000120998998   0.00000357145412
     163.200000       0.00000282030969  -0.00000491246527   0.00000566449131
     163.400000       0.00000181007037   0.00000767167136   0.00000788231541
     163.600000      -0.00000911980863  -0.00000548880493   0.00001064414811
     163.800000       0.00001283494371  -0.00000327464266   0.00001324609621
     164.000000      -0.00000858577549   0.00001465055365   0.00001698099712
     164.200000      -0.00000451459250  -0.00002067172652   0.00002115896554
     164.400000       0.00002045105584   0.00001490027432   0.00002530343574
     164.600000      -0.00002888212606   0.00000326711617   0.00002906632509
     164.800000       0.00002278424567  -0.00002558632521   0.00003426050041
     165.000000      -0.00000021632952   0.00004153142109   0.00004153198449
     165.200000      -0.00003271813138  -0.00003998996785   0.00005166888473
     165.400000       0.00006531574536   0.00001449483210   0.00006690475879
     165.600000      -0.00008157465841   0.00004054470216   0.00009109499310
     165.800000       0.00004855264281  -0.00011899421423   0.00012851841169
     166.000000       0.00006822678111   0.00017207640102   0.00018510856665
     166.200000      -0.00024855466732  -0.00010273444639   0.00026894941740
     166.400000       0.00035568558004  -0.00016638157088   0.00039267678691
     166.600000      -0.00015815779465   0.00055172011784   0.00057394161414
     166.800000      -0.00047388556406  -0.00069480487117   0.00084102398112
     167.000000       0.00123110417516   0.00008676963521   0.00123415819881
     167.200000      -0.00118692801203   0.00137013721289   0.00181275317898
     167.400000      -0.00062837594637  -0.00258631561000   0.00266155683098
     167.600000       0.00365433048083   0.00135667768406   0.00389803868651
     167.800000      -0.00453659594524   0.00342219395897   0.00568261509018
     168.000000      -0.00083503142106  -0.00819158508464   0.00823403568568
     168.200000       0.01080588727646   0.00482277149559   0.01183327193680
     168.400000      -0.01338252410728   0.01022376321585   0.01684094076278
     168.600000      -0.00413097862999  -0.02333992543141   0.02370268135856
     168.800000       0.03164341721074   0.00915067193676   0.03293995521653
     169.000000      -0.02972961542481   0.03397376483118   0.04514495243227
     169.200000      -0.02554132962754  -0.05532817357825   0.06093903765771
     169.400000       0.08089316781962  -0.00239566238751   0.08092863398184
     169.600000      -0.03704373298231   0.09893232104165   0.10564015477059
     169.800000      -0.10067228619124  -0.09058914643789   0.13543006556639
     170.000000       0.15149273623247  -0.07800850816145   0.17039770091400
     170.200000       0.02603248425506   0.20897124316109   0.21058649221824
     170.400000      -0.24875544273557  -0.05516067793020   0.25479790164027
     170.600000       0.15967344531264  -0.25719440913678   0.30272854709992
     170.800000       0.22291037037863   0.27387345911390   0.35312279001695
     171.000000      -0.37908459928659   0.14062577220193   0.40432751727241
     171.200000      -0.01367109705827  -0.45441999156688   0.45462559060222
     171.400000       0.48079633038938   0.14529341895717   0.50227013539345
     171.600000      -0.31542915249447   0.44517048659392   0.54559354136358
     171.800000      -0.34404646852844  -0.47082777567876   0.58313529035507
     172.000000       0.58507417826538  -0.18529361627997   0.61371452509047
     172.200000      -0.01224423898709   0.63637685626537   0.63649463829522
     172.400000      -0.61215310913833  -0.22150867975918   0.65099733043722
     172.600000       0.41185113364645  -0.51199874453706   0.65708756699042
     172.800000       0.34831309771227   0.55463022450028   0.65493259192619
     173.000000      -0.62859945016186   0.14435703334347   0.64496218634856
     173.200000       0.06991872662315  -0.62390066532093   0.62780623485316
     173.400000       0.54380005654276   0.26341049008057   0.60423802245505
     173.600000      -0.40954116444780   0.40376905020955   0.57511165114644
     173.800000      -0.22820035428233  -0.49087780093349   0.54132838198627
     174.000000       0.50174899500612  -0.04552078176642   0.50380968188621
     174.200000      -0.11719505127555   0.44841589453795   0.46347760951069
     174.400000      -0.34693101784947  -0.23894829086970   0.42125694873274
     174.600000       0.30799159724878  -0.21927199593037   0.37807278687462
     174.800000       0.08867447263280   0.32287874506475   0.33483405757374
     175.000000      -0.29136751728552  -0.02475186509951   0.29241697104483
     175.200000       0.10723680453462  -0.22764059140966   0.25163459838451
     175.400000       0.14865868296992   0.15284207182709   0.21321374942238
     175.600000      -0.16317744635962   0.07052595366727   0.17776610796528
     175.800000      -0.00562886453568  -0.14564645686349   0.14575518691576
     176.000000       0.11083726220338   0.03893780570231   0.11747787623912
     176.200000      -0.06156814698146   0.06977619820867   0.09305565302112
     176.400000      -0.03166301015250  -0.06515465695746   0.07244084162378
     176.600000       0.05537928678799  -0.00248762386480   0.05543513035647
     176.800000      -0.01533032086471   0.03880154343310   0.04172024101807
     177.000000      -0.02124467394733  -0.02243989132432   0.03090121184963
     177.200000       0.02150750288464  -0.00676435227515   0.02254615581502
     177.400000      -0.00269527031903   0.01599666894900   0.01622214226163
     177.600000      -0.00911733799208  -0.00704965852984   0.01152490943344
     177.800000       0.00745501367203  -0.00315585587009   0.00809547127244
     178.000000      -0.00074949471908   0.00558193700632   0.00563203010258
     178.200000      -0.00299731525266  -0.00247352704927   0.00388615938778
     178.400000       0.00254329724440  -0.00079126021460   0.00266354155225
     178.600000      -0.00053766402670   0.00173421637959   0.00181565113853
     178.800000      -0.00074062994327  -0.00098554946097   0.00123281809400
     179.000000       0.00083364879499   0.00000457400536   0.00083366134306
     179.200000      -0.00035278091252   0.00043709242856   0.00056169757284
     179.400000      -0.00007192808912  -0.00037018836607   0.00037711149065
     179.600000       0.00021815280972   0.00012919641085   0.00025353966350
     179.800000      -0.00016386224272   0.00004665256762   0.00017037399055
     180.000000       0.00005621055551  -0.00009915872547   0.00011398280304
     180.200000       0.00001610184877   0.00007580905019   0.00007750020403
     180.400000      -0.00004288298743  -0.00003218393470   0.00005361675357
     180.600000       0.00003816565595   0.00000082051399   0.00003817447494
     180.800000      -0.00002280746924   0.00001527042461   0.00002744752304
     181.000000       0.00000670745954  -0.00002102922209   0.00002207301963
     181.200000       0.00000341795199   0.00001649367958   0.00001684410466
     181.400000      -0.00001224539743  -0.00001008198436   0.00001586178322
     181.600000       0.00001311401663   0.00000125502840   0.00001317393367
     181.800000      -0.00000976208691   0.00000602858906   0.00001147354465
     182.000000       0.00000404778460  -0.00001104386532   0.00001176229235
     182.200000       0.00000346696301   0.00000890873013   0.00000955956615
     182.400000      -0.00000781266147  -0.00000462908705   0.00000908108618
     182.600000       0.00000718693618  -0.00000141453072   0.00000732481732
     182.800000      -0.00000450573327   0.00000550865064   0.00000711666102
     183.000000      -0.00000046635071  -0.00000686840252   0.00000688421645
     183.200000       0.00000461759166   0.00000506174320   0.00000685152515
     183.400000      -0.00000587407220  -0.00000112385256   0.00000598061609
     183.600000       0.00000374606429  -0.00000287684765   0.00000472326689
     183.800000      -0.00000031975232   0.00000310866270   0.00000312506405
     184.000000      -0.00000132849772  -0.00000092046619   0.00000161621910
     184.200000       0.00000043512207  -0.00000096258435   0.00000105636161
     184.400000       0.00000210676197  -0.00000019773485   0.00000211602104
     184.600000      -0.00000127696561   0.00000407402270   0.00000426946158
     184.800000      -0.00000440260394  -0.00000630881377   0.00000769311722
     185.000000       0.00001114842154   0.00000171892604   0.00001128016000
     185.200000      -0.00001212222101   0.00000846882738   0.00001478747036
     185.400000       0.00000254797203  -0.00001804047217   0.00001821951694
     185.600000       0.00001482282807   0.00001774104667   0.00002311841191
     185.800000      -0.00002884366731  -0.00000214814954   0.00002892354907
     186.000000       0.00002698273454  -0.00002303515436   0.00003547796922
     186.200000      -0.00000343930882   0.00004215953339   0.00004229958748
     186.400000      -0.00003219123641  -0.00003879118693   0.00005040864891
     186.600000       0.00006060171589   0.00000739450960   0.00006105118133
     186.800000      -0.00006121586485   0.00004419303417   0.00007550103562
     187.000000       0.00002053714507  -0.00009324790200   0.00009548269767
     187.200000       0.00006068917810   0.00010852791070   0.00012434421474
     187.400000      -0.00015925721240  -0.00005152399988   0.00016738453413
     187.600000       0.00020737689306  -0.00010366314343   0.00023184310013
     187.800000      -0.00009568936024   0.00031392824673   0.00032818805243
     188.000000      -0.00024449166147  -0.00040006661827   0.00046885975684
     188.200000       0.00066223895697   0.00009833753736   0.00066950034158
     188.400000      -0.00069328480328   0.00064902081695   0.00094966933155
     188.600000      -0.00013966406743  -0.00133192735044   0.00133922982291
     188.800000       0.00162669368948   0.00094147657681   0.00187949740731
     189.000000      -0.00238077955108   0.00110597635928   0.00262512761178
     189.200000       0.00058293722110  -0.00360295859989   0.00364981184122
     189.400000       0.00372758153492   0.00340296496493   0.00504727992606
     189.600000      -0.00669978435810   0.00183267644604   0.00694592063019
     189.800000       0.00264429831657  -0.00913349141186   0.00950857397077
     190.000000       0.00887245509406   0.00942927570765   0.01294726611169
     190.200000      -0.01704257023044   0.00408277318739   0.01752478921297
     190.400000       0.00630466437479  -0.02271384347594   0.02357260016053
     190.600000       0.02277099263140   0.02177782410271   0.03150859768489
     190.800000      -0.03960877830476   0.01350871554384   0.04184902286124
     191.000000       0.00754369320248  -0.05471535374605   0.05523293621281
     191.200000       0.06021208964933   0.04023928150220   0.07242027006130
     191.400000      -0.08072135484760   0.04877451901673   0.09431272890626
     191.600000      -0.01456851356035  -0.12103990931588   0.12191349898414
     191.800000       0.14981481774030   0.04454402154484   0.15629667133354
     192.000000      -0.12521013561682   0.15404293387160   0.19851146953502
     192.200000      -0.12182770335579  -0.21767181185262   0.24944539879530
     192.400000       0.30628673026157  -0.04555104177648   0.30965538674669
     192.600000      -0.07526914125213   0.37160388672321   0.37915022385939
     192.800000      -0.39380456019343  -0.23221669579349   0.45717242418412
     193.000000       0.40792085199427  -0.35688662985270   0.54200321775737
     193.200000       0.25270709147825   0.57803348118651   0.63085939753323
     193.400000      -0.71500086313678   0.08390540403022   0.71990718228936
     193.600000       0.13509940042023  -0.79304071558050   0.80446592504739
     193.800000       0.79329533089649   0.37949009704109   0.87939195798826
     194.000000      -0.61770672420348   0.70800861208739   0.93959448269778
     194.200000      -0.54278265807121  -0.81672346912394   0.98063766953993
     194.400000       0.94820398254582  -0.31638230978491   0.99959419689221
     194.600000       0.05754344856401   0.99329773509211   0.99496313449884
     194.800000      -0.94640564038134  -0.19969756717030   0.96724492993209
     195.000000       0.42206598842460  -0.81597039048056   0.91866608554242
     195.200000       0.62287283051883   0.58278920954561   0.85300282869480
     195.400000      -0.66599182570154   0.39626394307280   0.77496466014966
     195.600000      -0.16809563310522  -0.66877981462262   0.68958145444589
     195.800000       0.60076313496270   0.03255108480793   0.60164434465254
     196.000000      -0.18416558208375   0.48125171680673   0.51528649948710
     196.200000      -0.33486479977344  -0.27566228983696   0.43373278889826
     196.400000       0.30696112305965  -0.18659339928233   0.35922448096667
     196.600000       0.05737104930695   0.28740330567125   0.29307353583929
     196.800000      -0.23254932697875  -0.03896144588305   0.23579055058158
     197.000000       0.09681711810726  -0.16029635223132   0.18726578677714
     197.200000       0.08723673330524   0.11828671109449   0.14697616697724
     197.400000      -0.11115526442079   0.02584967671205   0.11412142040201
     197.600000       0.01688429741122  -0.08611066933434   0.08775036679285
     197.800000       0.05400652455853   0.03945447286824   0.06688318267099
     198.000000      -0.04468865943118   0.02368386746805   0.05057669285353
     198.200000      -0.00074630398249  -0.03796715723220   0.03797449141106
     198.400000       0.02534364930906   0.01265752415848   0.02832866883782
     198.600000      -0.01722225335588   0.01203029272537   0.02100794977413
     198.800000      -0.00149938236080  -0.01542382752795   0.01549653519584
     199.000000       0.01033564643293   0.00475095282515   0.01137528636709
     199.200000      -0.00687503176454   0.00467534348168   0.00831413846620
     199.400000      -0.00023903848532  -0.00604703528324   0.00605175801848
     199.600000       0.00377994446097   0.00222979679336   0.00438861867422
     199.800000      -0.00285614037315   0.00138064407999   0.00317233603307
     200.000000       0.00034659909039  -0.00225935890853   0.00228578949316
