#    time[fs]         Re(autocorrel)     Im(autocorrel)     Abs(autocorrel)
     0.00000000       1.00000000000000   0.00000000000000   1.00000000000000
    0.200000000      -0.25806684101724   0.95386857150053   0.98816180159379
    0.400000000      -0.82253122088407  -0.48242933755255   0.95356996337994
    0.600000000       0.64525331543675  -0.62587676825656   0.89892912408342
    0.800000000       0.39284299532967   0.72926097770484   0.82834002232332
     1.00000000      -0.73024462387730   0.15601061021957   0.74672385873413
     1.20000000       0.05422276803891  -0.65696923915514   0.65920307172365
     1.40000000       0.52861553226076   0.21469201138847   0.57054977057340
     1.60000000      -0.31276347007370   0.37042099277229   0.48480171214523
     1.80000000      -0.20872527297187  -0.34698138566648   0.40492261183615
     2.00000000       0.32625260292205  -0.06611960831186   0.33288521072095
     2.20000000      -0.04186340900674   0.26644877709956   0.26971743701793
     2.40000000      -0.18647881667225  -0.10833484907888   0.21566360052736
     2.60000000       0.13469953105824  -0.10434434251836   0.17038692873251
     2.80000000       0.03404585486115   0.12874080985320   0.13316649862066
     3.00000000      -0.10179693258600  -0.01613831336743   0.10306823294432
     3.20000000       0.04387544226744  -0.06578993836148   0.07907825506276
     3.40000000       0.03077455036676   0.05173607578360   0.06019713022864
     3.60000000      -0.04537012317351   0.00344006977347   0.04550035337034
     3.80000000       0.01330677187082  -0.03147304042589   0.03417049094279
     4.00000000       0.01605091122585   0.01982728407766   0.02550985976199
     4.20000000      -0.01864714504699   0.00331226691555   0.01893903721216
     4.40000000       0.00470912532146  -0.01317079064595   0.01398733668475
     4.60000000       0.00657248672184   0.00790325474376   0.01027905721618
     4.80000000      -0.00743900409031   0.00108883505659   0.00751826732938
     5.00000000       0.00222246155518  -0.00500311636092   0.00547453273669
     5.20000000       0.00215575738243   0.00333349224263   0.00396981868901
     5.40000000      -0.00286723779697  -0.00005865897226   0.00286783776728
     5.60000000       0.00121856750475  -0.00166691425878   0.00206482684741
     5.80000000       0.00045493081453   0.00141099456487   0.00148252072772
     6.00000000      -0.00100371977391  -0.00034737710942   0.00106213193187
     6.20000000       0.00063792683647  -0.00041294322505   0.00075991628210
     6.40000000      -0.00005815044433   0.00054030672682   0.00054342693457
     6.60000000      -0.00026864094931  -0.00028110023888   0.00038882554435
     6.80000000       0.00027843662069  -0.00001178079990   0.00027868573517
     7.00000000      -0.00012877553710   0.00015348398643   0.00020035087483
     7.20000000      -0.00001618899680  -0.00014374725566   0.00014465599582
     7.40000000       0.00008245058687   0.00006514008829   0.00010507773493
     7.60000000      -0.00007646934712   0.00000779150146   0.00007686526227
     7.80000000       0.00003734482994  -0.00004265759792   0.00005669485853
     8.00000000       0.00000041945822   0.00004228999607   0.00004229207624
     8.20000000      -0.00002106083268  -0.00002390438278   0.00003185872234
     8.40000000       0.00002408350791   0.00000373223080   0.00002437098480
     8.60000000      -0.00001647766747   0.00000937874215   0.00001895980827
     8.80000000       0.00000576791943  -0.00001371531584   0.00001487880315
     9.00000000       0.00000292767772   0.00001150852420   0.00001187507583
     9.20000000      -0.00000751734151  -0.00000620027217   0.00000974442396
     9.40000000       0.00000812957216   0.00000065860142   0.00000815620618
     9.60000000      -0.00000602763067   0.00000339886958   0.00000691987326
     9.80000000       0.00000267437733  -0.00000529656076   0.00000593345178
     10.0000000       0.00000064753067   0.00000523689627   0.00000527677728
     10.2000000      -0.00000312904267  -0.00000371855584   0.00000485989358
     10.4000000       0.00000429362892   0.00000144699022   0.00000453089726
     10.6000000      -0.00000416155372   0.00000099605770   0.00000427909574
     10.8000000       0.00000289447697  -0.00000301102683   0.00000417663495
     11.0000000      -0.00000090633268   0.00000413228295   0.00000423050839
     11.2000000      -0.00000143673278  -0.00000414828144   0.00000439003873
     11.4000000       0.00000360151487   0.00000289639985   0.00000462169248
     11.6000000      -0.00000507017026  -0.00000050422315   0.00000509518080
     11.8000000       0.00000500066016  -0.00000257607083   0.00000562518826
     12.0000000      -0.00000301030130   0.00000558997749   0.00000634899695
     12.2000000      -0.00000067457093  -0.00000733335291   0.00000736431333
     12.4000000       0.00000545496238   0.00000653105920   0.00000850948582
     12.6000000      -0.00000998957648  -0.00000263928843   0.00001033235121
     12.8000000       0.00001184294019  -0.00000442635447   0.00001264309481
     13.0000000      -0.00000853841174   0.00001326350591   0.00001577418981
     13.2000000      -0.00000157978565  -0.00001996675464   0.00002002915409
     13.4000000       0.00001758701371   0.00001905734086   0.00002593232138
     13.6000000      -0.00003367944298  -0.00000501315562   0.00003405050086
     13.8000000       0.00003871710382  -0.00002390756401   0.00004550368936
     14.0000000      -0.00001837710605   0.00005893944939   0.00006173796824
     14.2000000      -0.00003555418726  -0.00007700676000   0.00008481828410
     14.4000000       0.00010956815209   0.00004421588003   0.00011815339182
     14.6000000      -0.00015406305993   0.00006365026384   0.00016669367871
     14.8000000       0.00008866838453  -0.00022056676210   0.00023772206242
     15.0000000       0.00014550258454   0.00031022387515   0.00034265121453
     15.2000000      -0.00047754715999  -0.00014062934586   0.00049782316432
     15.4000000       0.00060575215909  -0.00040185706249   0.00072692831622
     15.6000000      -0.00009228159677   0.00106029875905   0.00106430698182
     15.8000000      -0.00115768408354  -0.00104349133454   0.00155855914310
     16.0000000       0.00222543126448  -0.00048801700399   0.00227831185511
     16.2000000      -0.00123340034689   0.00308038005002   0.00331813466699
     16.4000000      -0.00278168703084  -0.00391992322094   0.00480661843665
     16.6000000       0.00689925353939  -0.00046624499212   0.00691498978983
     16.8000000      -0.00437801650507   0.00884083459168   0.00986546424635
     17.0000000      -0.00793061956707  -0.01146071121933   0.01393709540652
     17.2000000       0.01932532438930  -0.00233699583610   0.01946611703164
     17.4000000      -0.00908039047937   0.02525723464864   0.02683992163465
     17.6000000      -0.02561255795717  -0.02597943807494   0.03648197264128
     17.8000000       0.04591349812682  -0.01662295850074   0.04883003235263
     18.0000000      -0.00442181360154   0.06415327467290   0.06430548255618
     18.2000000      -0.07417070995502  -0.03786445037957   0.08327671233771
     18.4000000       0.08061717088985  -0.06885657042672   0.10602054297736
     18.6000000       0.04232511943072   0.12575290956475   0.13268462608315
     18.8000000      -0.16305520298269  -0.00805620231939   0.16325410137433
     19.0000000       0.07992880929365  -0.18063865412683   0.19753211870441
     19.2000000       0.16745544268869   0.16506645179886   0.23513455466080
     19.4000000      -0.24978762337118   0.11620859707827   0.27549645156394
     19.6000000      -0.02600171736492  -0.31683219779402   0.31789735900902
     19.8000000       0.34850595303308   0.09602652211533   0.36149341937173
     20.0000000      -0.23466506490214   0.33051939521329   0.40535264066944
     20.2000000      -0.25569451792755  -0.36846416383263   0.44849250442687
     20.4000000       0.47326722611461  -0.12661488222366   0.48991141619147
     20.6000000      -0.04354568173920   0.52681686505340   0.52861350314083
     20.8000000      -0.51348134594671  -0.23240997263995   0.56362885662264
     21.0000000       0.41190565133265  -0.42802728815322   0.59403167003416
     21.2000000       0.27749895451545   0.55326199645944   0.61895436542887
     21.4000000      -0.63248528402904   0.08066533572398   0.63760844638443
     21.6000000       0.13497850255636  -0.63512272424496   0.64930737790718
     21.8000000       0.55924544931755   0.33808445531947   0.65349565531154
     22.0000000      -0.49919304406353   0.41596778076787   0.64978680340428
     22.2000000      -0.22736048385095  -0.59611503148834   0.63800150500080
     22.4000000       0.61781032588179  -0.02222254115835   0.61820986736035
     22.6000000      -0.16936138422267   0.56596813450230   0.59076493441794
     22.8000000      -0.45403041865157  -0.32148713071259   0.55632508147192
     23.0000000       0.41677819469619  -0.30397823083617   0.51585543362119
     23.2000000       0.14168320603106   0.44876808898538   0.47060272902187
     23.4000000      -0.42196881564035  -0.00811117071656   0.42204676573019
     23.6000000       0.12609764946759  -0.34978447738703   0.37181957697540
     23.8000000       0.25091998739021   0.20115059520856   0.32159353542113
     24.0000000      -0.23113272155427   0.14524147939298   0.27297879461479
     24.2000000      -0.05022115217630  -0.22255966747248   0.22815558224899
     24.4000000       0.18507953692885   0.02342766983915   0.18655640086550
     24.6000000      -0.06939310579544   0.13230442521838   0.14939834023275
     24.8000000      -0.07727230681405  -0.08828297533480   0.11732388134702
     25.0000000       0.08537803911868  -0.02988228614397   0.09045640159182
     25.2000000      -0.00417468008393   0.06842172456023   0.06854896312563
     25.4000000      -0.04546156587982  -0.02340343925241   0.05113193660607
     25.6000000       0.02964042446411  -0.02311953596188   0.03759079282890
     25.8000000       0.00571581064696   0.02668215127045   0.02728750057757
     26.0000000      -0.01892200638052  -0.00500006347855   0.01957148334323
     26.2000000       0.00942629517173  -0.01017201001459   0.01386812274251
     26.4000000       0.00299650034739   0.00924393581982   0.00971747723295
     26.6000000      -0.00658250442631  -0.00146344519210   0.00674322151146
     26.8000000       0.00324776947809  -0.00331494153681   0.00464078053513
     27.0000000       0.00067431551899   0.00310321588499   0.00317563383405
     27.2000000      -0.00199989590801  -0.00082900950143   0.00216491117516
     27.4000000       0.00126230968400  -0.00076383887177   0.00147542385787
     27.6000000      -0.00011494519943   0.00100102073002   0.00100759858118
     27.8000000      -0.00048179712217  -0.00049465336064   0.00069051460095
     28.0000000       0.00047409913417  -0.00003223464143   0.00047519370906
     28.2000000      -0.00020279362737   0.00026007368815   0.00032979323609
     28.4000000      -0.00003701050481  -0.00022715477875   0.00023015010531
     28.6000000       0.00013201838093   0.00009299359299   0.00016148269642
     28.8000000      -0.00011305707763   0.00001880022119   0.00011460955946
     29.0000000       0.00004894950307  -0.00006580399957   0.00008201353675
     29.2000000       0.00000519305188   0.00005900530705   0.00005923338626
     29.4000000      -0.00003140429752  -0.00003005403480   0.00004346809072
     29.6000000       0.00003242467123   0.00000244682156   0.00003251686086
     29.8000000      -0.00001928844674   0.00001396619274   0.00002381383458
     30.0000000       0.00000591400743  -0.00001800288714   0.00001894939127
     30.2000000       0.00000501503936   0.00001353768637   0.00001443674381
     30.4000000      -0.00000950978645  -0.00000669082886   0.00001162769234
     30.6000000       0.00000926256506   0.00000002030201   0.00000926258731
     30.8000000      -0.00000651605611   0.00000472471036   0.00000804871886
     31.0000000       0.00000270933384  -0.00000607229633   0.00000664930617
     31.2000000       0.00000124163841   0.00000577887049   0.00000591075376
     31.4000000      -0.00000340101698  -0.00000394718150   0.00000521029349
     31.6000000       0.00000461963705   0.00000103690916   0.00000473457781
     31.8000000      -0.00000433486383   0.00000124165139   0.00000450918425
     32.0000000       0.00000255467954  -0.00000336888309   0.00000422797361
     32.2000000      -0.00000062552679   0.00000448875876   0.00000453213404
     32.4000000      -0.00000197236066  -0.00000398497335   0.00000444637146
     32.6000000       0.00000385216225   0.00000277902027   0.00000474995870
     32.8000000      -0.00000485993135   0.00000001644995   0.00000485995919
     33.0000000       0.00000450630966  -0.00000290681131   0.00000536249743
     33.2000000      -0.00000231252950   0.00000531540682   0.00000579666648
     33.4000000      -0.00000140183920  -0.00000654184176   0.00000669035475
     33.6000000       0.00000592580381   0.00000509982530   0.00000781814357
     33.8000000      -0.00000923709631  -0.00000142713141   0.00000934669205
     34.0000000       0.00000975218638  -0.00000522333540   0.00001106292781
     34.2000000      -0.00000541697781   0.00001195176039   0.00001312205109
     34.4000000      -0.00000388637745  -0.00001581123115   0.00001628185985
     34.6000000       0.00001628267603   0.00001255678094   0.00002056205939
     34.8000000      -0.00002599090003   0.00000122875513   0.00002601992935
     35.0000000       0.00002493795806  -0.00002229781368   0.00003345286606
     35.2000000      -0.00000526540219   0.00004303873018   0.00004335962126
     35.4000000      -0.00003292873478  -0.00004596453232   0.00005654237177
     35.6000000       0.00007375471021   0.00001543580269   0.00007535264616
     35.8000000      -0.00008543320505   0.00005360250650   0.00010085663701
     36.0000000       0.00003128645444  -0.00013137002344   0.00013504416052
     36.2000000       0.00009729988697   0.00015496846301   0.00018298221917
     36.4000000      -0.00024486143990  -0.00004837933992   0.00024959504258
     36.6000000       0.00027854502791  -0.00020330613719   0.00034484883354
     36.8000000      -0.00004251780520   0.00047661881468   0.00047851150275
     37.0000000      -0.00046651123685  -0.00047145776814   0.00066325346682
     37.2000000       0.00091768266312  -0.00008793189080   0.00092188583220
     37.4000000      -0.00069760580600   0.00108088403212   0.00128645410002
     37.6000000      -0.00061037569031  -0.00169300333751   0.00179967185457
     37.8000000       0.00242057317479   0.00071469377865   0.00252387830367
     38.0000000      -0.00277707404100   0.00220128670162   0.00354369910855
     38.2000000      -0.00038352972506  -0.00495706779561   0.00497188255898
     38.4000000       0.00611170869210   0.00331251103957   0.00695166976520
     38.6000000      -0.00840809921129   0.00479347608717   0.00967850945886
     38.8000000       0.00027896386091  -0.01340899203441   0.01341189353576
     39.0000000       0.01583564238799   0.00955475632878   0.01849488951961
     39.2000000      -0.02198759465242   0.01266330244732   0.02537348118551
     39.4000000      -0.00118017341323  -0.03459830887477   0.03461843130876
     39.6000000       0.04252838145839   0.01987056434801   0.04694148013195
     39.8000000      -0.04914245163650   0.03974551989304   0.06320353553730
     40.0000000      -0.02040971732524  -0.08189956658517   0.08440435751864
     40.2000000       0.10996687219875   0.01930401800997   0.11164836806916
     40.4000000      -0.07932736705186   0.12266150371292   0.14607763571641
     40.6000000      -0.10871845850558  -0.15430620511200   0.18875939223227
     40.8000000       0.23319624879860  -0.05895791711744   0.24053383638184
     41.0000000      -0.03087342189643   0.30023016579809   0.30181338710327
     41.2000000      -0.33729897479049  -0.15775639036566   0.37236766386988
     41.4000000       0.31028949936566  -0.32743629183760   0.45110320174983
     41.6000000       0.25876501999882   0.46930736545785   0.53591859348970
     41.8000000      -0.61036925207898   0.12798915752487   0.62364400768979
     42.0000000       0.05744184762292  -0.70783367919830   0.71016060385361
     42.2000000       0.73975018683065   0.27920045531795   0.79068529337894
     42.4000000      -0.51024521930291   0.69256925832687   0.86023389923957
     42.6000000      -0.56457829771473  -0.71902620717041   0.91419217938480
     42.8000000       0.87496782014598  -0.36719612867691   0.94889498007225
     43.0000000       0.12370408554849   0.95411731223662   0.96210318900366
     43.2000000      -0.94375266232770  -0.13444958159682   0.95328158360590
     43.4000000       0.37306323250829  -0.84491356711609   0.92360982635871
     43.6000000       0.67229435641635   0.56121883784767   0.87575469489142
     43.8000000      -0.67665186097094   0.45150378974255   0.81345768980773
     44.0000000      -0.21426894730211  -0.70936266025910   0.74101725050623
     44.2000000       0.66275686497301   0.00734957335274   0.66279761488506
     44.4000000      -0.18651323595798   0.55215627689864   0.58280677870636
     44.6000000      -0.40114877290410  -0.30580659873996   0.50441849077464
     44.8000000       0.35929297324079  -0.23665526395996   0.43022918843351
     45.0000000       0.08382867065734   0.35218746020623   0.36202659177289
     45.2000000      -0.29843706407983  -0.03812776121036   0.30086277169418
     45.4000000       0.11847656579687  -0.21692527307166   0.24717052967584
     45.6000000       0.12725943553628   0.15546075557559   0.20090547642398
     45.8000000      -0.15498118212625   0.04607367566945   0.16168472532353
     46.0000000       0.01544542749338  -0.12798740867570   0.12891601145697
     46.2000000       0.08733412749403   0.05248879892488   0.10189368890034
     46.4000000      -0.06607572055389   0.04487509435935   0.07987349335340
     46.6000000      -0.00938409177252  -0.06141129655428   0.06212413800507
     46.8000000       0.04574443021789   0.01441105176387   0.04796072673449
     47.0000000      -0.02569244825157   0.02629638577232   0.03676413744189
     47.2000000      -0.00871819532712  -0.02659296450368   0.02798558005216
     47.4000000       0.02083267405679   0.00368394008310   0.02115589097373
     47.6000000      -0.00996544999186   0.01236542988643   0.01588124837084
     47.8000000      -0.00436124876611  -0.01100039157457   0.01183338943810
     48.0000000       0.00864990481672   0.00130495626284   0.00874778624489
     48.2000000      -0.00408151095130   0.00494522874084   0.00641202143982
     48.4000000      -0.00148960779081  -0.00441346629276   0.00465806999601
     48.6000000       0.00325632380475   0.00082294808589   0.00335870336194
     48.8000000      -0.00178797382510   0.00160939123428   0.00240561645826
     49.0000000      -0.00020934607855  -0.00170012657765   0.00171296706350
     49.2000000       0.00106151731519   0.00059246324064   0.00121566101441
     49.4000000      -0.00079118173316   0.00034286316875   0.00086227819604
     49.6000000       0.00015985038126  -0.00059162137394   0.00061283602578
     49.8000000       0.00025279598451   0.00035536011798   0.00043610391334
     50.0000000      -0.00030942796841  -0.00002883061607   0.00031076819666
     50.2000000       0.00016215336761  -0.00015147686678   0.00022189852590
     50.4000000       0.00000105202695   0.00015944781589   0.00015945128646
     50.6000000      -0.00008221653038  -0.00007802462097   0.00011334636891
     50.8000000       0.00008236007426  -0.00000147134213   0.00008237321579
     51.0000000      -0.00004261572476   0.00004204284612   0.00005986402013
     51.2000000       0.00000170261056  -0.00004363954589   0.00004367274720
     51.4000000       0.00001983084690   0.00002539989378   0.00003222447971
     51.6000000      -0.00002373985702  -0.00000472941162   0.00002420636581
     51.8000000       0.00001578439634  -0.00000847559390   0.00001791599452
     52.0000000      -0.00000615517038   0.00001293239495   0.00001432246353
     52.2000000      -0.00000211035882  -0.00001050637322   0.00001071622567
     52.4000000       0.00000640296878   0.00000592424684   0.00000872322818
     52.6000000      -0.00000680095916  -0.00000146022549   0.00000695595456
     52.8000000       0.00000483497891  -0.00000266253454   0.00000551961151
     53.0000000      -0.00000293471048   0.00000404625233   0.00000499846812
     53.2000000      -0.00000006777791  -0.00000412825643   0.00000412881278
     53.4000000       0.00000241001859   0.00000356531721   0.00000430344936
     53.6000000      -0.00000260838147  -0.00000254931110   0.00000364727857
     53.8000000       0.00000354596533  -0.00000035902555   0.00000356409448
     54.0000000      -0.00000301104320   0.00000090540919   0.00000314422438
     54.2000000       0.00000133980765  -0.00000301838368   0.00000330238165
     54.4000000       0.00000009417272   0.00000390856507   0.00000390969940
     54.6000000      -0.00000196850831  -0.00000339857602   0.00000392751116
     54.8000000       0.00000440579461   0.00000225855063   0.00000495096728
     55.0000000      -0.00000493127638   0.00000005881421   0.00000493162710
     55.2000000       0.00000448264874  -0.00000372402624   0.00000582773636
     55.4000000      -0.00000223236787   0.00000673021788   0.00000709078973
     55.6000000      -0.00000283623713  -0.00000780818203   0.00000830734299
     55.8000000       0.00000872117090   0.00000653259637   0.00001089649655
     56.0000000      -0.00001289754285  -0.00000023468063   0.00001289967777
     56.2000000       0.00001317398960  -0.00000999612576   0.00001653712588
     56.4000000      -0.00000534898029   0.00002024358478   0.00002093834557
     56.6000000      -0.00001177690627  -0.00002523102362   0.00002784421079
     56.8000000       0.00003270473893   0.00001618650636   0.00003649113504
     57.0000000      -0.00004762606871   0.00001305556905   0.00004938309735
     57.2000000       0.00003673388687  -0.00005524873259   0.00006634606919
     57.4000000       0.00001565194384   0.00009071415641   0.00009205455730
     57.6000000      -0.00010329866858  -0.00007615593877   0.00012833683003
     57.8000000       0.00017918352860  -0.00002795156063   0.00018135056290
     58.0000000      -0.00014649034938   0.00021153863315   0.00025730918323
     58.2000000      -0.00008477139128  -0.00035942396713   0.00036928549515
     58.4000000       0.00047014162765   0.00024644746032   0.00053081964992
     58.6000000      -0.00070835343512   0.00029755537274   0.00076831229907
     58.8000000       0.00029615668480  -0.00107464647894   0.00111470796025
     59.0000000       0.00099416254376   0.00128067142008   0.00162125829207
     59.2000000      -0.00235345281818   0.00010652362243   0.00235586235793
     59.4000000       0.00176206428921  -0.00291653868690   0.00340750179332
     59.6000000       0.00218761409190   0.00437564808101   0.00489202938911
     59.8000000      -0.00693241140088  -0.00053438439576   0.00695297738480
     60.0000000       0.00548659971593  -0.00807788450021   0.00976498819464
     60.2000000       0.00616851644102   0.01205380794608   0.01354049042997
     60.4000000      -0.01852640554891  -0.00021227305970   0.01852762160706
     60.6000000       0.01157154305977  -0.02217279026922   0.02501066246838
     60.8000000       0.01972105726358   0.02683921223791   0.03330560633204
     61.0000000      -0.04291798637132   0.00835661979179   0.04372398253263
     61.2000000       0.01341706585572  -0.05497640980385   0.05658995751101
     61.4000000       0.05709713402134   0.04436318553150   0.07230611968536
     61.6000000      -0.08004767444666   0.04352689080183   0.09111652104418
     61.8000000      -0.01061250939173  -0.11276511914583   0.11326339855206
     62.0000000       0.13258566603107   0.04148938188887   0.13892561911477
     62.2000000      -0.10759212951341   0.12929991680061   0.16820979406050
     62.4000000      -0.09497309785323  -0.17729167508748   0.20112739090229
     62.6000000       0.23610055218454  -0.02657267402028   0.23759119879834
     62.8000000      -0.07203167995332   0.26788189948290   0.27739732332426
     63.0000000      -0.25823191124190  -0.18934972382969   0.32021405012589
     63.2000000       0.30722828913809  -0.19811602899175   0.36556693311920
     63.4000000       0.08689871633749   0.40357616663116   0.41282576127685
     63.6000000      -0.45642582857418  -0.06608395800897   0.46118502414515
     63.8000000       0.24197744521380  -0.44854116208024   0.50964915193934
     64.0000000       0.37154973537735   0.41499837387487   0.55702141446964
     64.2000000      -0.55681471288761   0.22861509241959   0.60191983267719
     64.4000000      -0.03489157458416  -0.64184897617537   0.64279664762219
     64.6000000       0.65240322901282   0.18449399915775   0.67798820708886
     64.8000000      -0.39862152328056   0.58245283673942   0.70579772303990
     65.0000000      -0.43922400146761  -0.57631450635263   0.72460757220560
     65.2000000       0.69186120227161  -0.24214244946727   0.73301083828463
     65.4000000       0.01934921373038   0.72970167670246   0.72995816938668
     65.6000000      -0.68708936740033  -0.19747900178977   0.71490541678076
     65.8000000       0.37889114895391  -0.57418701732063   0.68793112563335
     66.0000000       0.41164708421904   0.50278356107855   0.64980353279808
     66.2000000      -0.55782705426356   0.22629828771014   0.60198167537633
     66.4000000      -0.04592258032857  -0.54459970955446   0.54653245743582
     66.6000000       0.47433368278582   0.10571641660546   0.48597160757092
     66.8000000      -0.21259832752697   0.36572466720182   0.42302787268352
     67.0000000      -0.24068391359744  -0.26825924550832   0.36040500699251
     67.2000000       0.27553085527059  -0.11997699519277   0.30051910352194
     67.4000000       0.01971810599645   0.24452761015358   0.24532133179059
     67.6000000      -0.18950172662878  -0.05068531349917   0.19616295623740
     67.8000000       0.08893766247073  -0.12544893990609   0.15377693041975
     68.0000000       0.06517766802786   0.09874822030212   0.11831880417916
     68.2000000      -0.08776643802146   0.01740379873804   0.08947535891791
     68.4000000       0.01389372970002  -0.06514568969365   0.06661078449199
     68.6000000       0.03935868886645   0.02901554647381   0.04889793785488
     68.8000000      -0.03127504956058   0.01670007679225   0.03545449604611
     69.0000000      -0.00063516782734  -0.02542041508201   0.02542834916212
     69.2000000       0.01617734728481   0.00803883633544   0.01806459118832
     69.4000000      -0.01048494609200   0.00720814115892   0.01272365488054
     69.6000000      -0.00065000954475  -0.00887210944424   0.00889588884816
     69.8000000       0.00548599151001   0.00284688591407   0.00618068461060
     70.0000000      -0.00371800839078   0.00211332326456   0.00427664840902
     70.2000000       0.00024249735529  -0.00294099804256   0.00295097855866
     70.4000000       0.00155023852229   0.00132059950371   0.00203647306026
     70.6000000      -0.00137478669271   0.00030488005909   0.00140818688422
     70.8000000       0.00042652930793  -0.00088098815611   0.00097880916512
     71.0000000       0.00028507915465   0.00062119264628   0.00068348403655
     71.2000000      -0.00046210219935  -0.00013174766154   0.00048051627336
     71.4000000       0.00028674601756  -0.00018135900698   0.00033928508366
     71.6000000      -0.00004347260364   0.00023827363675   0.00024220692236
     71.8000000      -0.00010166007656  -0.00013934001067   0.00017248307088
     72.0000000       0.00012351748736   0.00001905449220   0.00012497857159
     72.2000000      -0.00007361356731   0.00005216516110   0.00009022284258
     72.4000000       0.00001339516897  -0.00006507960752   0.00006644385500
     72.6000000       0.00002507021465   0.00004224814364   0.00004912658448
     72.8000000      -0.00003498455227  -0.00001172296555   0.00003689643369
     73.0000000       0.00002589254339  -0.00001064449433   0.00002799516142
     73.2000000      -0.00001049234673   0.00001894441808   0.00002165595337
     73.4000000      -0.00000273394737  -0.00001635172609   0.00001657870364
     73.6000000       0.00000969184973   0.00000921933175   0.00001337639821
     73.8000000      -0.00000998591096  -0.00000155581277   0.00001010638269
     74.0000000       0.00000731758753  -0.00000435448276   0.00000851519861
     74.2000000      -0.00000345413376   0.00000657199217   0.00000742442733
     74.4000000      -0.00000064895079  -0.00000598397472   0.00000601906060
     74.6000000       0.00000343846339   0.00000445216895   0.00000562537455
     74.8000000      -0.00000451429085  -0.00000195757876   0.00000492046100
     75.0000000       0.00000354099126  -0.00000088531364   0.00000364998621
     75.2000000      -0.00000288104068   0.00000371682616   0.00000470267924
     75.4000000       0.00000120736815  -0.00000376287636   0.00000395183203
     75.6000000       0.00000192053706   0.00000410887784   0.00000453556388
     75.8000000      -0.00000259283361  -0.00000319299833   0.00000411315262
     76.0000000       0.00000419685199   0.00000040150479   0.00000421601384
     76.2000000      -0.00000388282639   0.00000175503127   0.00000426104160
     76.4000000       0.00000307390522  -0.00000452018220   0.00000546634617
     76.6000000       0.00000009387001   0.00000556647939   0.00000556727081
     76.8000000      -0.00000354104359  -0.00000634623347   0.00000726730135
     77.0000000       0.00000712404498   0.00000302261290   0.00000773874703
     77.2000000      -0.00000986259839   0.00000230657790   0.00001012872887
     77.4000000       0.00000820568748  -0.00000916309632   0.00001230022932
     77.6000000      -0.00000076728219   0.00001550027115   0.00001551925022
     77.8000000      -0.00001153963721  -0.00001569547225   0.00001948104402
     78.0000000       0.00002447121513   0.00000655261573   0.00002533332080
     78.2000000      -0.00002872457500   0.00001502991077   0.00003241912131
     78.4000000       0.00001616091347  -0.00003921086197   0.00004241069229
     78.6000000       0.00001997623087   0.00005179464412   0.00005551337640
     78.8000000      -0.00006610216821  -0.00003132998408   0.00007315097091
     79.0000000       0.00009134936028  -0.00003124338789   0.00009654457473
     79.2000000      -0.00005705588217   0.00011689625604   0.00013007731688
     79.4000000      -0.00005834439617  -0.00016177251798   0.00017197213768
     79.6000000       0.00021296427286   0.00009380935736   0.00023271007078
     79.8000000      -0.00028914269780   0.00012397818220   0.00031460147704
     80.0000000       0.00014008192165  -0.00040652450204   0.00042998269214
     80.2000000       0.00029032556409   0.00051732054904   0.00059321959140
     80.4000000      -0.00081362340836  -0.00016165030399   0.00082952629338
     80.6000000       0.00090497699881  -0.00073835002906   0.00116796581019
     80.8000000       0.00002909373055   0.00165831820945   0.00165857340174
     81.0000000      -0.00191338020491  -0.00138712067628   0.00236328745164
     81.2000000       0.00320133125737  -0.00106764353802   0.00337466806422
     81.4000000      -0.00131938041008   0.00463041699043   0.00481471973969
     81.6000000      -0.00450140241939  -0.00517218486904   0.00685668433434
     81.8000000       0.00960032368822  -0.00155193370679   0.00972495311808
     82.0000000      -0.00502812816161   0.01277510304337   0.01372899597852
     82.2000000      -0.01212630489502  -0.01497592069148   0.01926980723735
     82.4000000       0.02641203835412  -0.00494659744433   0.02687125967080
     82.6000000      -0.01066168760544   0.03563809795002   0.03719873126991
     82.8000000      -0.03747386946760  -0.03468971961780   0.05106532620121
     83.0000000       0.06427523466131  -0.02622757771421   0.06942039774822
     83.2000000      -0.00277305887338   0.09327434852466   0.09331556112576
     83.4000000      -0.11265957029150  -0.05139188718227   0.12382772244704
     83.6000000       0.11708457862311  -0.11188587046860   0.16194828360272
     83.8000000       0.08110528606865   0.19199102186002   0.20841933668240
     84.0000000      -0.26319370234318   0.01386283233315   0.26355853822900
     84.2000000       0.09036693858442  -0.31432184958605   0.32705413728665
     84.4000000       0.32841142919041   0.22447731281560   0.39779910858598
     84.6000000      -0.37346892899903   0.29154271061190   0.47378918628290
     84.8000000      -0.19649330640188  -0.51598460177305   0.55213198488010
     85.0000000       0.62744087503307  -0.04552385590238   0.62909019474038
     85.2000000      -0.14818964243066   0.68530389252691   0.70114306331608
     85.4000000      -0.67160343262033  -0.36275229452437   0.76330884829805
     85.6000000       0.56908297371037  -0.58038600956416   0.81283660785230
     85.8000000       0.41694582004403   0.73693065564284   0.84670573877728
     86.0000000      -0.83990186602614   0.19917805191605   0.86319582999413
     86.2000000       0.04517838761246  -0.86073359922234   0.86191845063063
     86.4000000       0.79477658934217   0.28322850007618   0.84373467999234
     86.6000000      -0.48274886151184   0.65109144296303   0.81053471880645
     86.8000000      -0.45089999678232  -0.61794510806709   0.76496206682576
     87.0000000       0.67391473380885  -0.22364739998515   0.71005579214930
     87.2000000       0.00155255960739   0.64894015537538   0.64894201258661
     87.4000000      -0.55413033444221  -0.18617964462677   0.58457102872310
     87.6000000       0.31828618340698  -0.41060674585553   0.51952285251935
     87.8000000       0.24496530811393   0.38452143352485   0.45592185187745
     88.0000000      -0.38636059966038   0.08403049174012   0.39539301525446
     88.2000000       0.04993261095654  -0.33538310810769   0.33907977651419
     88.4000000       0.24987832652486   0.14258855946318   0.28769893179616
     88.6000000      -0.18895774124260   0.15056485573894   0.24160878245460
     88.8000000      -0.05642784127889  -0.19280103092760   0.20088887176283
     89.0000000       0.16436525862256   0.01847107354089   0.16539987545283
     89.2000000      -0.06667471461343   0.11722851687199   0.13486305178509
     89.4000000      -0.06501495051648  -0.08736260553090   0.10889981008159
     89.6000000       0.08504035495563  -0.01875031357507   0.08708292731726
     89.8000000      -0.01470481462553   0.06737366448071   0.06895971460737
     90.0000000      -0.04284231914074  -0.03299537742416   0.05407549575103
     90.2000000       0.03756449114353  -0.01876490537088   0.04199062595926
     90.4000000       0.00005730945324   0.03228793080341   0.03228798166407
     90.6000000      -0.02191229842078  -0.01114268565771   0.02458268223258
     90.8000000       0.01511217470926  -0.01072105337473   0.01852886423683
     91.0000000       0.00167912085628   0.01371767576560   0.01382006060985
     91.2000000      -0.00944583232118  -0.00384290613022   0.01019763088985
     91.4000000       0.00587131030935  -0.00457406134833   0.00744273618819
     91.6000000       0.00065824253097   0.00533258076855   0.00537305321793
     91.8000000      -0.00348398884161  -0.00161764103041   0.00384121605116
     92.0000000       0.00230877631258  -0.00144292033391   0.00272258464543
     92.2000000      -0.00007930235004   0.00191838432924   0.00192002273356
     92.4000000      -0.00106310717044  -0.00083007470544   0.00134878496153
     92.6000000       0.00091478564583  -0.00024749443454   0.00094767413859
     92.8000000      -0.00025677008559   0.00061321641354   0.00066480466807
     93.0000000      -0.00022000457316  -0.00041242495178   0.00046743593471
     93.2000000       0.00032093238606   0.00006894229246   0.00032825392018
     93.4000000      -0.00018581792769   0.00013794799242   0.00023142590794
     93.6000000       0.00001710609507  -0.00016058620305   0.00016149472778
     93.8000000       0.00007404224054   0.00008789443673   0.00011492469444
     94.0000000      -0.00008046806380  -0.00000761806153   0.00008082786743
     94.2000000       0.00004626490707  -0.00003636512900   0.00005884610635
     94.4000000      -0.00000797138449   0.00004054170146   0.00004131794438
     94.6000000      -0.00001627707622  -0.00002590242453   0.00003059213636
     94.8000000       0.00002051429803   0.00000825086852   0.00002211138293
     95.0000000      -0.00001618944448   0.00000605182440   0.00001728359602
     95.2000000       0.00000786450176  -0.00001026620413   0.00001293233680
     95.4000000       0.00000036995632   0.00000987588879   0.00000988281575
     95.6000000      -0.00000439730547  -0.00000731759657   0.00000853718425
     95.8000000       0.00000555259224   0.00000184936076   0.00000585247092
     96.0000000      -0.00000546354536   0.00000103919729   0.00000556149791
     96.2000000       0.00000340476794  -0.00000314574498   0.00000463553192
     96.4000000      -0.00000048088118   0.00000399568814   0.00000402452115
     96.6000000      -0.00000061403315  -0.00000394810203   0.00000399556584
     96.8000000       0.00000279174903   0.00000208043618   0.00000348167738
     97.0000000      -0.00000276915074  -0.00000152936653   0.00000316340921
     97.2000000       0.00000256263624  -0.00000105429434   0.00000277103609
     97.4000000      -0.00000219293526   0.00000246287319   0.00000329768243
     97.6000000       0.00000129630129  -0.00000279116887   0.00000307750235
     97.8000000       0.00000171303702   0.00000380310592   0.00000417110422
     98.0000000      -0.00000209256323  -0.00000308284108   0.00000372595357
     98.2000000       0.00000496445571   0.00000117110447   0.00000510071624
     98.4000000      -0.00000517121137   0.00000181714537   0.00000548119005
     98.6000000       0.00000428854907  -0.00000499505958   0.00000658348489
     98.8000000      -0.00000064710452   0.00000880481562   0.00000882856287
     99.0000000      -0.00000649912912  -0.00000807266830   0.00001036371810
     99.2000000       0.00001291956489   0.00000617169274   0.00001431799387
     99.4000000      -0.00001592007535   0.00000607797985   0.00001704085204
     99.6000000       0.00001295012669  -0.00001894620663   0.00002294917269
     99.8000000       0.00000362431124   0.00002982421330   0.00003004362380
     100.000000      -0.00003041233077  -0.00002786493108   0.00004124759686
     100.200000       0.00005442979149   0.00000095263136   0.00005443812734
     100.400000      -0.00005593684797   0.00005104367105   0.00007572573747
     100.600000       0.00000571743940  -0.00010389672763   0.00010405392412
     100.800000       0.00009751610347   0.00010804536810   0.00014554446744
     101.000000      -0.00020278100168  -0.00000203039180   0.00020279116631
     101.200000       0.00019386347321  -0.00020626590060   0.00028307007612
     101.400000       0.00004036973461   0.00039593320955   0.00039798595691
     101.600000      -0.00046069282937  -0.00031738395211   0.00055943762484
     101.800000       0.00076003132089  -0.00022315598599   0.00079211501868
     102.000000      -0.00041772771207   0.00104571009168   0.00112605774153
     102.200000      -0.00084075420381  -0.00136821670682   0.00160589059031
     102.400000       0.00228185235954   0.00015045977057   0.00228680745435
     102.600000      -0.00198680597999   0.00256727854329   0.00324627742514
     102.800000      -0.00153668145785  -0.00430865787330   0.00457448604458
     103.000000       0.00625013090868   0.00130818685252   0.00638556882483
     103.200000      -0.00592641877205   0.00652911740409   0.00881769887998
     103.400000      -0.00377563236167  -0.01143160886472   0.01203898172464
     103.600000       0.01598708756872   0.00292869620653   0.01625312986474
     103.800000      -0.01344706159600   0.01702803777660   0.02169740851088
     104.000000      -0.01186876565151  -0.02607408877387   0.02864831065662
     104.200000       0.03739035613112   0.00138055843667   0.03741583452509
     104.400000      -0.02277481547822   0.04264433161364   0.04834491947290
     104.600000      -0.03672940274411  -0.04970762264998   0.06180531348883
     104.800000       0.07660974485379  -0.01565879893105   0.07819367615432
     105.000000      -0.02179218192728   0.09546464342288   0.09792036221853
     105.200000      -0.09722002839801  -0.07270468010807   0.12139894740617
     105.400000       0.12939680954210  -0.07393167776352   0.14902827683565
     105.600000       0.02123678354576   0.17992373819034   0.18117271466685
     105.800000      -0.20986009944203  -0.05948048512706   0.21812654457624
     106.000000       0.15984874231745  -0.20516060116863   0.26008170387850
     106.200000       0.15557110944698   0.26474973655746   0.30707457254193
     106.400000      -0.35424168908783   0.05784200327156   0.35893296258531
     106.600000       0.08213934840030  -0.40698018619564   0.41518639731024
     106.800000       0.40456524342353   0.24893735303492   0.47501878059964
     107.000000      -0.41925302431742   0.33584263290540   0.53718094947246
     107.200000      -0.20020808887338  -0.56557795547588   0.59996808462668
     107.400000       0.66114732958517  -0.00899632650721   0.66120853390457
     107.600000      -0.21552042059251   0.68523208735586   0.71832587676795
     107.800000      -0.62758117925698  -0.44347731257518   0.76845966929077
     108.000000       0.64253680258981  -0.49098657627212   0.80865404269178
     108.200000       0.29134579146804   0.78371881093060   0.83612053246683
     108.400000      -0.84673975657824   0.05508757345481   0.84852982040663
     108.600000       0.18548841274347  -0.82370499731508   0.84433161368264
     108.800000       0.72034712475038   0.39801547348481   0.82299228263057
     109.000000      -0.55577641726501   0.55463879427976   0.78518253808145
     109.200000      -0.35309975319681  -0.64217405104630   0.73284851609652
     109.400000       0.65303373885363  -0.14555468906388   0.66905846649574
     109.600000      -0.04064133734754   0.59542019684834   0.59680560412610
     109.800000      -0.48684089884318  -0.18387629874874   0.52040806491442
     110.000000       0.27265537340017  -0.34996812869018   0.44364247287979
     110.200000       0.20845704088129   0.30567588437008   0.36998930278916
     110.400000      -0.29063257715276   0.08247688462446   0.30210880721986
     110.600000       0.01421265234072  -0.24134263632646   0.24176076521132
     110.800000       0.17417423767843   0.07551991985453   0.18984183776422
     111.000000      -0.10257765167931   0.10456846016156   0.14648118474603
     111.200000      -0.04440687321353  -0.10197776376013   0.11122695127585
     111.400000       0.08324704790807  -0.00065079499841   0.08324959170794
     111.600000      -0.02477721923236   0.05631131159380   0.06152133293665
     111.800000      -0.02945189915290  -0.03398133676306   0.04496827339266
     112.000000       0.03153314244363  -0.00810771408853   0.03255877915573
     112.200000      -0.00535221619222   0.02276881101118   0.02338942010891
     112.400000      -0.01239728603402  -0.01117793412752   0.01669248071343
     112.600000       0.01126581425501  -0.00366085696620   0.01184569308041
     112.800000      -0.00189995861666   0.00814694993335   0.00836556250121
     113.000000      -0.00413542958482  -0.00419603709047   0.00589139245981
     113.200000       0.00406029443053  -0.00079598445068   0.00413758167391
     113.400000      -0.00116016327229   0.00266114702503   0.00290304707285
     113.600000      -0.00103800716967  -0.00175330936460   0.00203753591681
     113.800000       0.00142477316405   0.00015918739712   0.00143363844689
     114.000000      -0.00070860644066   0.00072317012826   0.00101247129448
     114.200000      -0.00007973560553  -0.00071171507032   0.00071616765363
     114.400000       0.00042389758456   0.00028211255443   0.00050919215976
     114.600000      -0.00034997584391   0.00009594909368   0.00036289023120
     114.800000       0.00011911796140  -0.00023361668735   0.00026223242617
     115.000000       0.00006523350835   0.00017564125381   0.00018736397906
     115.200000      -0.00012393862274  -0.00005602782508   0.00013601433524
     115.400000       0.00009061619220  -0.00003566351166   0.00009738162225
     115.600000      -0.00003100709700   0.00006620407200   0.00007310553477
     115.800000      -0.00001522744881  -0.00005042434123   0.00005267342200
     116.000000       0.00003410387765   0.00002081335758   0.00003995335185
     116.200000      -0.00002723364563   0.00000385702095   0.00002750541883
     116.400000       0.00001606360880  -0.00001833829615   0.00002437893831
     116.600000      -0.00000228154952   0.00001658000226   0.00001673624639
     116.800000      -0.00000705227349  -0.00001236204344   0.00001423217058
     117.000000       0.00001020354975   0.00000554050393   0.00001161075412
     117.200000      -0.00000912564346   0.00000265448029   0.00000950387469
     117.400000       0.00000709862876  -0.00000655101849   0.00000965952243
     117.600000      -0.00000093667730   0.00000759511883   0.00000765265930
     117.800000      -0.00000392757668  -0.00000716705176   0.00000817266722
     118.000000       0.00000504979689   0.00000266377047   0.00000570930134
     118.200000      -0.00000653197633   0.00000316581669   0.00000725872648
     118.400000       0.00000409649779  -0.00000366134827   0.00000549424838
     118.600000       0.00000132195285   0.00000591371761   0.00000605967122
     118.800000      -0.00000136992584  -0.00000359307103   0.00000384536815
     119.000000       0.00000440877400  -0.00000059679985   0.00000444898396
     119.200000      -0.00000416811126   0.00000074047287   0.00000423337354
     119.400000       0.00000043676402  -0.00000155061299   0.00000161095110
     119.600000      -0.00000100482315   0.00000295226614   0.00000311858059
     119.800000       0.00000022267664  -0.00000056329408   0.00000060571041
     120.000000       0.00000085343849   0.00000313296218   0.00000324712323
     120.200000      -0.00000107560646  -0.00000451247724   0.00000463889858
     120.400000       0.00000442384420   0.00000233518326   0.00000500234729
     120.600000      -0.00001139913969   0.00000035113525   0.00001140454653
     120.800000       0.00000891621762  -0.00000826681949   0.00001215891611
     121.000000      -0.00000120985156   0.00001961346023   0.00001965073950
     121.200000      -0.00001520825490  -0.00001966290728   0.00002485801561
     121.400000       0.00003590373511   0.00000404089336   0.00003613041674
     121.600000      -0.00003749013846   0.00002728089220   0.00004636547812
     121.800000       0.00000931492104  -0.00006535730881   0.00006601776707
     122.000000       0.00005643790002   0.00006756000553   0.00008803176078
     122.200000      -0.00011751261167  -0.00000508952885   0.00011762277503
     122.400000       0.00010790943006  -0.00011222575234   0.00015568899956
     122.600000       0.00001816657615   0.00020072028591   0.00020154070969
     122.800000      -0.00020735731286  -0.00015579306174   0.00025936178069
     123.000000       0.00033237006842  -0.00006280750082   0.00033825233856
     123.200000      -0.00023710109893   0.00037467769438   0.00044339633036
     123.400000      -0.00015677463479  -0.00058394727327   0.00060462608617
     123.600000       0.00075134959041   0.00038031396329   0.00084211930133
     123.800000      -0.00109751861918   0.00046908304717   0.00119356023082
     124.000000       0.00045618547284  -0.00164935435899   0.00171127875787
     124.200000       0.00150196903900   0.00194832166055   0.00246005452929
     124.400000      -0.00353336664085   0.00012912244938   0.00353572516263
     124.600000       0.00269519150791  -0.00430447991612   0.00507864200476
     124.800000       0.00308719768698   0.00659586879121   0.00728260081766
     125.000000      -0.01034343929317  -0.00116701292228   0.01040906602786
     125.200000       0.00883189410586  -0.01187100010953   0.01479604667124
     125.400000       0.00864530476946   0.01903089736263   0.02090254407922
     125.600000      -0.02923379732321  -0.00165105117351   0.02928038380746
     125.800000       0.02010338440373  -0.03529799257042   0.04062135330077
     126.000000       0.03203673067683   0.04558240916246   0.05571452357791
     126.200000      -0.07404259711376   0.01441009557340   0.07543180391443
     126.400000       0.02090132159770  -0.09844857896356   0.10064287329202
     126.600000       0.10958751755903   0.07382396953180   0.13213403226340
     126.800000      -0.13964831244701   0.09775722104100   0.17046444038261
     127.000000      -0.05512384916527  -0.20868341020702   0.21584115558074
     127.200000       0.26708233902112   0.02173858384920   0.26796556093043
     127.400000      -0.12976603190786   0.29900151748141   0.32594651477397
     127.600000      -0.28973621277137  -0.25844546038598   0.38825394909160
     127.800000       0.39041149342071  -0.22926881454213   0.45275304915212
     128.000000       0.11541875882549   0.50379163323985   0.51684378646869
     128.200000      -0.57597322900501  -0.04425621237894   0.57767099015321
     128.400000       0.23244230544986  -0.58810988612352   0.63237857610696
     128.600000       0.52943176632889   0.42417384946354   0.67839623360309
     128.800000      -0.59083400093076   0.40031065977940   0.71367600561380
     129.000000      -0.21325841181240  -0.70532038410533   0.73685547731100
     129.200000       0.74730782175802   0.00846667735100   0.74735578213196
     129.400000      -0.23460828622676   0.70744322776596   0.74533010705202
     129.600000      -0.58954507540645  -0.43321395027390   0.73159942772525
     129.800000       0.57642237704245  -0.41018784900152   0.70747213953891
     130.000000       0.19577481699247   0.64556982702101   0.67460223875138
     130.200000      -0.63440938634580  -0.02233350131571   0.63480237457391
     130.400000       0.21359603346005  -0.54988467548200   0.58991221536752
     130.600000       0.41028357417140   0.35368823090379   0.54168992598599
     130.800000      -0.42847806971335   0.24126154084296   0.49173223131619
     131.000000      -0.07070203713744  -0.43573984769247   0.44143854942953
     131.200000       0.38443501469635   0.07650000972200   0.39197261640585
     131.400000      -0.18256604232383   0.29190669391211   0.34429620642767
     131.600000      -0.17966940483468  -0.23916374794762   0.29913273536342
     131.800000       0.24760900454201  -0.06894976653297   0.25702974426171
     132.000000      -0.02317426284866   0.21712192718930   0.21835516418206
     132.200000      -0.16179763844297  -0.08623555913373   0.18334406852917
     132.400000       0.11710746467436  -0.09704071175682   0.15208898060256
     132.600000       0.03639903543855   0.11916194926382   0.12459719071155
     132.800000      -0.10020527945095  -0.01066566698956   0.10077129790856
     133.000000       0.03972109594385  -0.06995113713536   0.08044207263311
     133.200000       0.03760453059578   0.05100576404698   0.06336946178835
     133.400000      -0.04822181701318   0.01010749188214   0.04926971715161
     133.600000       0.00872505585984  -0.03678387820669   0.03780450099766
     133.800000       0.02217067491824   0.01811784124353   0.02863206240661
     134.000000      -0.01954044143122   0.00877389277497   0.02141985167441
     134.200000       0.00088433142050  -0.01578023773683   0.01580499747207
     134.400000       0.00982027444195   0.00601111811200   0.01151396244008
     134.600000      -0.00722266041441   0.00404858578600   0.00827996801494
     134.800000       0.00010984615629  -0.00588940540091   0.00589042970880
     135.000000       0.00349243826535   0.00223351351741   0.00414556481914
     135.200000      -0.00263431720187   0.00120353284799   0.00289622485941
     135.400000       0.00033523556488  -0.00198137632877   0.00200953602609
     135.600000       0.00098465285511   0.00098799493991   0.00139487463464
     135.800000      -0.00095514606374   0.00013849131213   0.00096513410810
     136.000000       0.00033087854302  -0.00057858920958   0.00066651787949
     136.200000       0.00016631283405   0.00042836088427   0.00045951388003
     136.400000      -0.00030007658942  -0.00010465739432   0.00031780360241
     136.600000       0.00019242508330  -0.00010654332897   0.00021995202575
     136.800000      -0.00003663642890   0.00014752205306   0.00015200323701
     137.000000      -0.00005301713053  -0.00008695545656   0.00010184334811
     137.200000       0.00007291396975   0.00001937610112   0.00007544455102
     137.400000      -0.00004559564975   0.00002243348131   0.00005081559170
     137.600000       0.00001360285282  -0.00003332400017   0.00003599342429
     137.800000       0.00000555699479   0.00002438340209   0.00002500860828
     138.000000      -0.00001722627537  -0.00001069737625   0.00002027753490
     138.200000       0.00001495413852   0.00000154493462   0.00001503373147
     138.400000      -0.00001052887275   0.00000562620624   0.00001193781211
     138.600000       0.00000416483096  -0.00000856084893   0.00000952018651
     138.800000       0.00000084031531   0.00000799131043   0.00000803537007
     139.000000      -0.00000576894611  -0.00000573410845   0.00000813392519
     139.200000       0.00000549418314   0.00000153064494   0.00000570341321
     139.400000      -0.00000713927668   0.00000314123625   0.00000779978440
     139.600000       0.00000235352867  -0.00000426855991   0.00000487439237
     139.800000      -0.00000028995814   0.00000505530404   0.00000506361281
     140.000000      -0.00000409822301  -0.00000302986119   0.00000509661560
     140.200000       0.00000421950947  -0.00000022936515   0.00000422573881
     140.400000      -0.00000492092277   0.00000073368463   0.00000497531648
     140.600000       0.00000061635633  -0.00000316962525   0.00000322899665
     140.800000       0.00000004247954   0.00000239688045   0.00000239725685
     141.000000      -0.00000212937431  -0.00000238882783   0.00000320011459
     141.200000       0.00000210830351   0.00000068038290   0.00000221537008
     141.400000      -0.00000269872250  -0.00000101108230   0.00000288190745
     141.600000       0.00000261050316   0.00000068864346   0.00000269980676
     141.800000      -0.00000233845710   0.00000123080610   0.00000264258685
     142.000000       0.00000497432859  -0.00000357084832   0.00000612330815
     142.200000      -0.00000039705467   0.00000756159698   0.00000757201435
     142.400000      -0.00000509594275  -0.00001226255908   0.00001327926909
     142.600000       0.00001660102628   0.00000597603753   0.00001764389691
     142.800000      -0.00002603932509   0.00000702530013   0.00002697037807
     143.000000       0.00001613091067  -0.00003312580483   0.00003684460917
     143.200000       0.00001750072529   0.00005260754606   0.00005544212558
     143.400000      -0.00006897872930  -0.00003057838729   0.00007545265313
     143.600000       0.00009664428769  -0.00004333676755   0.00010591597502
     143.800000      -0.00003851302445   0.00013695156776   0.00014226378655
     144.000000      -0.00010689066260  -0.00015965458665   0.00019213328912
     144.200000       0.00025205671805   0.00002669691378   0.00025346659409
     144.400000      -0.00024131189607   0.00023100703355   0.00033405939701
     144.600000      -0.00002600803422  -0.00043754193570   0.00043831422899
     144.800000       0.00046835960450   0.00035264912937   0.00058627819981
     145.000000      -0.00077520030569   0.00017638796142   0.00079501460797
     145.200000       0.00048343706885  -0.00098641672224   0.00109851233468
     145.400000       0.00067657140414   0.00136985340951   0.00152782434476
     145.600000      -0.00210409855679  -0.00036620923306   0.00213572936934
     145.800000       0.00208953182377  -0.00211306270483   0.00297172967094
     146.000000       0.00083484089093   0.00403694220358   0.00412236117634
     146.200000      -0.00531332351935  -0.00198670410241   0.00567260081548
     146.400000       0.00607221766388  -0.00474416490204   0.00770577238019
     146.600000       0.00129661987720   0.01032249818957   0.01040361437096
     146.800000      -0.01285747094948  -0.00542756739399   0.01395611145818
     147.000000       0.01469397331244  -0.01138268771813   0.01858705009933
     147.200000       0.00390177954502   0.02427712154127   0.02458866637188
     147.400000      -0.03057175643931  -0.01041050338068   0.03229567885064
     147.600000       0.03032375960968  -0.02922080836367   0.04211159030828
     147.800000       0.01625505079161   0.05201657965517   0.05449725897016
     148.000000      -0.06920298368496  -0.01044547854101   0.06998686285905
     148.200000       0.04970854315493  -0.07404361071334   0.08918181176705
     148.400000       0.05886082642379   0.09615660082921   0.11274169047127
     148.600000      -0.14017122873472   0.01836653033932   0.14136938424463
     148.800000       0.04813454555519  -0.16904543356249   0.17576488012153
     149.000000       0.16928752854817   0.13509233583139   0.21658302454793
     149.200000      -0.23033098052474   0.12969981463511   0.26433766758801
     149.400000      -0.04464594011156  -0.31617760836381   0.31931417130955
     149.600000       0.37220379408808   0.08338058235809   0.38142887390434
     149.800000      -0.24257948227705   0.37915269435791   0.45011284236363
     150.000000      -0.32323454979915  -0.41261134726574   0.52414568401954
     150.200000       0.56739065176212  -0.19993317597861   0.60158575994112
     150.400000       0.01624261068776   0.67950933133932   0.67970343075430
     150.600000      -0.72546459486230  -0.20927232032322   0.75504554991880
     150.800000       0.44881544189716  -0.69058049110772   0.82361199334633
     151.000000       0.57248051042481   0.66984465229797   0.88115026699675
     151.200000      -0.84073422627330   0.38231924362358   0.92358109729047
     151.400000      -0.14330297222259  -0.93656286136524   0.94746278825950
     151.600000       0.94373296824920   0.11315689917896   0.95049271390802
     151.800000      -0.35297779731448   0.86240260057125   0.93184310421285
     152.000000      -0.70631379823339  -0.54542700638406   0.89239554059170
     152.200000       0.66834356967160  -0.49994985454025   0.83464542422289
     152.400000       0.27380434982584   0.71158114156309   0.76244117347621
     152.600000      -0.67794010448475   0.05873758050511   0.68047989583263
     152.800000       0.11934367275037  -0.58160342430812   0.59372169860338
     153.000000       0.44456276746479   0.24341724595584   0.50684120772159
     153.200000      -0.30720774672272   0.29188861776537   0.42376357185043
     153.400000      -0.14700281753414  -0.31478728233515   0.34742029515117
     153.600000       0.27826595355546  -0.02783348034783   0.27965450744875
     153.800000      -0.05538109517362   0.21428482389538   0.22132566831369
     154.000000      -0.14017754548136  -0.10046705673891   0.17246267348895
     154.200000       0.11207097217549  -0.07070786031499   0.13251227986373
     154.400000       0.01591729692504   0.09927832131337   0.10054623525623
     154.600000      -0.07285736568681  -0.01962457182317   0.07545408904801
     154.800000       0.03628486414379  -0.04276457412831   0.05608386725530
     155.000000       0.01641372907722   0.03795213414962   0.04134942549457
     155.200000      -0.03020250794041  -0.00209446662496   0.03027504378747
     155.400000       0.01179790510506  -0.01862111143080   0.02204396415771
     155.600000       0.00755506985987   0.01406746452267   0.01596786268366
     155.800000      -0.01151205679469  -0.00043740088857   0.01152036332680
     156.000000       0.00458379600447  -0.00689690528482   0.00828121297386
     156.200000       0.00240910003981   0.00542502333502   0.00593587745724
     156.400000      -0.00418497910168  -0.00069757384711   0.00424271839199
     156.600000       0.00210777243181  -0.00218216650315   0.00303390099900
     156.800000       0.00039706439860   0.00212802234118   0.00216474922825
     157.000000      -0.00138981847156  -0.00067850734623   0.00154659872067
     157.200000       0.00098955066303  -0.00049626317878   0.00110701746026
     157.400000      -0.00016276739044   0.00078002227174   0.00079682367422
     157.600000      -0.00035847446907  -0.00044237604864   0.00056938608464
     157.800000       0.00041083903263   0.00001098303792   0.00041098581223
     158.000000      -0.00019892180340   0.00022037546137   0.00029687577847
     158.200000      -0.00002147455485  -0.00021498650395   0.00021605636623
     158.400000       0.00012211796557   0.00009346116130   0.00015377836710
     158.600000      -0.00011165138038   0.00001793097870   0.00011308205312
     158.800000       0.00004759651862  -0.00006450511006   0.00008016444229
     159.000000       0.00000810014116   0.00006014914346   0.00006069210612
     159.200000      -0.00003209973534  -0.00002846138896   0.00004290039243
     159.400000       0.00003079963758  -0.00000034137750   0.00003080152940
     159.600000      -0.00001906927759   0.00001353675959   0.00002338549140
     159.800000       0.00000289908130  -0.00001837846017   0.00001860571070
     160.000000       0.00000240698262   0.00001363514147   0.00001384596144
     160.200000      -0.00000974667984  -0.00000637052851   0.00001164394269
     160.400000       0.00001159707694   0.00000054237973   0.00001160975320
     160.600000      -0.00000705468611   0.00000331475484   0.00000779462609
     160.800000       0.00000339787766  -0.00000957409559   0.00001015917709
     161.000000       0.00000238734093   0.00000638174954   0.00000681367183
     161.200000      -0.00000756984281  -0.00000535274200   0.00000927115781
     161.400000       0.00000620416873   0.00000034941900   0.00000621400059
     161.600000      -0.00000471629303   0.00000523513486   0.00000704627966
     161.800000       0.00000020056164  -0.00000460238313   0.00000460675107
     162.000000       0.00000402144141   0.00000569012479   0.00000696774793
     162.200000      -0.00000389441058  -0.00000147012818   0.00000416265668
     162.400000       0.00000351642277  -0.00000155047458   0.00000384307176
     162.600000      -0.00000192116761   0.00000297414737   0.00000354068321
     162.800000      -0.00000088978703  -0.00000166767896   0.00000189020477
     163.000000       0.00000131087427   0.00000290843898   0.00000319020512
     163.200000       0.00000198366090  -0.00000066291761   0.00000209149955
     163.400000       0.00000054973697   0.00000088253290   0.00000103974759
     163.600000      -0.00000169619437  -0.00000584725051   0.00000608830140
     163.800000       0.00000771877793   0.00000234980151   0.00000806852526
     164.000000      -0.00001330250998   0.00000530840501   0.00001432256735
     164.200000       0.00000652952000  -0.00001620809181   0.00001747389114
     164.400000       0.00000960272784   0.00002362597115   0.00002550291934
     164.600000      -0.00003009237612  -0.00001272583395   0.00003267258714
     164.800000       0.00004287132465  -0.00001571876864   0.00004566213053
     165.000000      -0.00002523685972   0.00005543208891   0.00006090661351
     165.200000      -0.00003137940464  -0.00007915028283   0.00008514360991
     165.400000       0.00010583420041   0.00003818249849   0.00011251124907
     165.600000      -0.00013223842208   0.00007402205477   0.00015154624662
     165.800000       0.00004462471872  -0.00019256592099   0.00019766891372
     166.000000       0.00014811220311   0.00020817581519   0.00025548854131
     166.200000      -0.00032892556068  -0.00004239322691   0.00033164621234
     166.400000       0.00034366950947  -0.00028297517480   0.00044517825788
     166.600000      -0.00003836468133   0.00061056497925   0.00061176910895
     166.800000      -0.00061050595452  -0.00061212872846   0.00086453403676
     167.000000       0.00124064952109  -0.00010853605599   0.00124538801569
     167.200000      -0.00098568294293   0.00151658660306   0.00180875807907
     167.400000      -0.00092936302660  -0.00246252191873   0.00263205809879
     167.600000       0.00370833701268   0.00092631648408   0.00382228016088
     167.800000      -0.00406165181892   0.00375228908308   0.00552961923293
     168.000000      -0.00150149306205  -0.00781644031662   0.00795934800336
     168.200000       0.01071920656804   0.00382202264527   0.01138021293954
     168.400000      -0.01214481552656   0.01062733727456   0.01613805569830
     168.600000      -0.00519363885683  -0.02206072566473   0.02266383686470
     168.800000       0.03060602633502   0.00734166631709   0.03147425793139
     169.000000      -0.02721228466116   0.03351443912150   0.04317089373767
     169.200000      -0.02598330928153  -0.05227850573218   0.05837957282140
     169.400000       0.07764629683864  -0.00398462844898   0.07774847057423
     169.600000      -0.03419840806846   0.09591869097580   0.10183283553416
     169.800000      -0.09837099285698  -0.08658077537879   0.13104610982727
     170.000000       0.14663353242577  -0.07683455739877   0.16554438088417
     170.200000       0.02604426563705   0.20342565899832   0.20508608561156
     170.400000      -0.24469558871657  -0.05364142001193   0.25050615377320
     170.600000       0.15707381432629  -0.25356221531116   0.29827165500683
     170.800000       0.22016891755553   0.27044041474010   0.34872965199761
     171.000000      -0.37534946132997   0.13906315209758   0.40028212349793
     171.200000      -0.01323612398581  -0.45094937882412   0.45114358827321
     171.400000       0.47804912186549   0.14488684966852   0.49952293453178
     171.600000      -0.31466962637380   0.44341151198698   0.54371936026301
     171.800000      -0.34328889837088  -0.47025872211627   0.58222893561821
     172.000000       0.58518878707442  -0.18528324085979   0.61382065447583
     172.200000      -0.01197430686906   0.63749978523918   0.63761223341855
     172.400000      -0.61436022094458  -0.22153058747649   0.65308060931768
     172.600000       0.41271747035139  -0.51508466884581   0.66003630689020
     172.800000       0.35184119035709   0.55675749414216   0.65861303548848
     173.000000      -0.63215323621408   0.14773721946385   0.64918718415481
     173.200000       0.06731110502503  -0.62875113184165   0.63234387057348
     173.400000       0.54952734421912   0.26208576570898   0.60882612512258
     173.600000      -0.40976299930198   0.40975619230472   0.57948757771761
     173.800000      -0.23378128746770  -0.49260229649631   0.54526205890699
     174.000000       0.50464308841899  -0.05014369831594   0.50712822557008
     174.200000      -0.11387076789090   0.45196127969148   0.46608534639101
     174.400000      -0.35056253678502  -0.23699539250695   0.42315589121111
     174.600000       0.30723426271140  -0.22246781025165   0.37932152427984
     174.800000       0.09107246271446   0.32295756259722   0.33555294769025
     175.000000      -0.29182259482489  -0.02330055379015   0.29275133246026
     175.200000       0.10665495505787  -0.22803766128399   0.25174680614115
     175.400000       0.14868001658259   0.15287163362149   0.21324981523345
     175.600000      -0.16347907509972   0.07001968823658   0.17784309021215
     175.800000      -0.00463737815262  -0.14587995968278   0.14595364987961
     176.000000       0.11075356506775   0.04024617341521   0.11783932556571
     176.200000      -0.06293919349789   0.06926431877964   0.09358893061774
     176.400000      -0.03073955502257  -0.06634547658702   0.07312073923686
     176.600000       0.05620375826874  -0.00129036544839   0.05621856887650
     176.800000      -0.01660964397453   0.03917776672932   0.04255323347123
     177.000000      -0.02119676630720  -0.02360979891947   0.03172893800460
     177.200000       0.02241914406588  -0.00639087627200   0.02331225686566
     177.400000      -0.00323688068420   0.01658033703576   0.01689334107816
     177.600000      -0.00936952046304  -0.00761048117725   0.01207092943632
     177.800000       0.00792137711220  -0.00314914934870   0.00852439774847
     178.000000      -0.00091276155461   0.00588347906684   0.00595386089739
     178.200000      -0.00312974519229  -0.00269078574039   0.00412742448379
     178.400000       0.00273112728226  -0.00078585330226   0.00284193976794
     178.600000      -0.00062680787610   0.00185026280100   0.00195355075345
     178.800000      -0.00077666226328  -0.00109682372993   0.00134395928723
     179.000000       0.00092487846028   0.00002852023727   0.00092531809137
     179.200000      -0.00040914164142   0.00048225027029   0.00063242565250
     179.400000      -0.00007752089714  -0.00042907320696   0.00043601984637
     179.600000       0.00025647264354   0.00015343548506   0.00029886563027
     179.800000      -0.00019841176390   0.00006025878833   0.00020736043408
     180.000000       0.00006226633047  -0.00012555765465   0.00014014927952
     180.200000       0.00002974311868   0.00009238913553   0.00009705877329
     180.400000      -0.00005815298394  -0.00003425176015   0.00006749038905
     180.600000       0.00004857779924  -0.00001240433816   0.00005013651547
     180.800000      -0.00001965312950   0.00002466128205   0.00003153449431
     181.000000       0.00000184074870  -0.00002557005413   0.00002563622484
     181.200000       0.00001114523020   0.00001435202893   0.00001817132055
     181.400000      -0.00001315203466  -0.00000474265371   0.00001398101498
     181.600000       0.00001043175006  -0.00000110599856   0.00001049021650
     181.800000      -0.00000750960985   0.00000869732226   0.00001149076388
     182.000000       0.00000245513387  -0.00000745722457   0.00000785097960
     182.200000       0.00000266747011   0.00000740193887   0.00000786791559
     182.400000      -0.00000637772874  -0.00000411354212   0.00000758924586
     182.600000       0.00000665021699  -0.00000133738415   0.00000678336070
     182.800000      -0.00000494353251   0.00000444912146   0.00000665080412
     183.000000       0.00000142488969  -0.00000759270769   0.00000772525214
     183.200000       0.00000238000581   0.00000323134636   0.00000401323149
     183.400000      -0.00000586201524  -0.00000145620526   0.00000604017851
     183.600000       0.00000442715673  -0.00000088043831   0.00000451385515
     183.800000      -0.00000103933959   0.00000526490238   0.00000536650947
     184.000000       0.00000295610524  -0.00000366617460   0.00000470950044
     184.200000       0.00000516854065   0.00000119843232   0.00000530566230
     184.400000      -0.00000175580102  -0.00000052318431   0.00000183209144
     184.600000       0.00000093285569  -0.00000257404570   0.00000273786979
     184.800000      -0.00000089734164   0.00000023374242   0.00000092728504
     185.000000      -0.00000012783880   0.00000411764139   0.00000411962539
     185.200000      -0.00000635267303  -0.00000061073143   0.00000638196267
     185.400000       0.00000965553482  -0.00000481865346   0.00001079114331
     185.600000       0.00000086598294   0.00001901792642   0.00001903763251
     185.800000      -0.00001627966651  -0.00001631681808   0.00002304921026
     186.000000       0.00003607890167  -0.00000315103872   0.00003621624208
     186.200000      -0.00002578225996   0.00003494943886   0.00004343026831
     186.400000      -0.00000921131577  -0.00006008092992   0.00006078294562
     186.600000       0.00006881440950   0.00004319890589   0.00008125003646
     186.800000      -0.00010754987935   0.00002537898733   0.00011050370829
     187.000000       0.00006469368753  -0.00013251615482   0.00014746458726
     187.200000       0.00007923570354   0.00018055485717   0.00019717594469
     187.400000      -0.00025183259616  -0.00007154119752   0.00026179724871
     187.600000       0.00027593662206  -0.00019241179476   0.00033639755968
     187.800000      -0.00003589976976   0.00043657920405   0.00043805273070
     188.000000      -0.00039699715888  -0.00039801446053   0.00056215856745
     188.200000       0.00074800511999  -0.00005703098547   0.00075017610788
     188.400000      -0.00058343661845   0.00082214148360   0.00100812445006
     188.600000      -0.00038253226635  -0.00133056657090   0.00138446319358
     188.800000       0.00178276441613   0.00069108471554   0.00191202694737
     189.000000      -0.00221939987244   0.00144524609203   0.00264848486126
     189.200000       0.00009205934304  -0.00363959134366   0.00364075542593
     189.400000       0.00408133290942   0.00286190156081   0.00498475263792
     189.600000      -0.00628193632888   0.00256808183771   0.00678658738729
     189.800000       0.00154811530241  -0.00907431527068   0.00920542549920
     190.000000       0.00940844010997   0.00812465223042   0.01243095809535
     190.200000      -0.01582432585707   0.00540823882057   0.01672298824884
     190.400000       0.00413152489157  -0.02200888285274   0.02239331200058
     190.600000       0.02308461027380   0.01891492392444   0.02984415484748
     190.800000      -0.03646240729427   0.01532164242954   0.03955072530854
     191.000000       0.00389641363257  -0.05196550689623   0.05211138019836
     191.200000       0.05875682791831   0.03469020567025   0.06823324113998
     191.400000      -0.07357931413986   0.04961657893638   0.08874525550497
     191.600000      -0.01867528123423  -0.11303266076426   0.11456504060413
     191.800000       0.14208311787596   0.03643974844142   0.14668151775813
     192.000000      -0.11273573695250   0.14802167549936   0.18606386753978
     192.200000      -0.11908175485921  -0.20093745554034   0.23357295515401
     192.400000       0.28589819171915  -0.04757470537094   0.28982948197071
     192.600000      -0.06727676290999   0.34858810905505   0.35502089037439
     192.800000      -0.36946121472456  -0.21750022441271   0.42872827852304
     193.000000       0.38626483192108  -0.33257145530568   0.50971000898860
     193.200000       0.22963607238681   0.54974734937946   0.59578089419768
     193.400000      -0.68082275136044   0.06298826911522   0.68373031292764
     193.600000       0.15333097338146  -0.75399413038194   0.76942675807936
     193.800000       0.75050149402929   0.39486800169871   0.84804081936291
     194.000000      -0.63033539110303   0.66256856819006   0.91450522843253
     194.200000      -0.49569532280212  -0.82684134168972   0.96404380469725
     194.400000       0.95580715851541  -0.26841831092428   0.99278180579055
     194.600000       0.00950625311489   0.99841656457988   0.99846181963848
     194.800000      -0.94869406690014  -0.24706712856208   0.98033800221528
     195.000000       0.46796223478781  -0.81512194310736   0.93990022625953
     195.200000       0.61846516928539   0.62624030346927   0.88015685153755
     195.400000      -0.70589347273656   0.38802642085947   0.80551232028882
     195.600000      -0.15610389570844  -0.70399539105395   0.72109495690966
     195.800000       0.63027236419618   0.04779140455926   0.63208169679179
     196.000000      -0.20171914671302   0.50432374563266   0.54316945289623
     196.200000      -0.35119760304127  -0.29426407920771   0.45818239238746
     196.400000       0.32518603112493  -0.19639698987814   0.37989173783063
     196.600000       0.06138583731568   0.30388908117321   0.31002708700894
     196.800000      -0.24620376082615  -0.03953589414684   0.24935793304190
     197.000000       0.10054009523080  -0.17048839593111   0.19792575349404
     197.200000       0.09381764471823   0.12367063485412   0.15522943144165
     197.400000      -0.11686246794603   0.02913389270921   0.12043927980035
     197.600000       0.01620794667349  -0.09112339043655   0.09255360511629
     197.800000       0.05771514640504   0.04053244243521   0.07052600239854
     198.000000      -0.04663421629729   0.02589164193637   0.05333973426840
     198.200000      -0.00158932422069  -0.04003944161144   0.04007097248676
     198.400000       0.02704734750327   0.01281747477719   0.02993069773036
     198.600000      -0.01794860719340   0.01312070471888   0.02223297983858
     198.800000      -0.00196085708124  -0.01631367254559   0.01643109468106
     199.000000       0.01109871377388   0.00477583863111   0.01208263555955
     199.200000      -0.00718210777626   0.00516089777208   0.00884406795110
     199.400000      -0.00043085601475  -0.00643155108390   0.00644596666531
     199.600000       0.00409322853175   0.00226349749475   0.00467738609929
     199.800000      -0.00300826794411   0.00155991897906   0.00338866098109
     200.000000       0.00030729645984  -0.00242856820030   0.00244793272329
